4,0.015081
144,0.046582
4,0.039138
4,3.0072
144,0.076682
4,0.016376
4,2.93724
144,0.100508
4,0.046095
4,2.8348
144,0.049163
4,0.024993
4,2.79472
144,0.041105
4,0.016794
4,2.83298
144,0.054437
4,0.052558
4,0.171802
144,0.03677
4,0.026013
4,3.0205
144,0.078754
4,0.017545
4,3.09307
144,0.046898
4,3.0849
144,0.047955
4,3.01163
144,0.029086
4,3.4335
144,0.054638
4,3.18906
144,0.027211
4,0.031272
144,0.045622
4,0.015393
144,0.0499
4,0.010171
144,0.021407
4,0.010734
144,0.033064
4,0.025445
144,0.015477
4,0.011245
4,0.008711
4,0.011311
4,0.027966
144,0.073781
144,0.030372
0,0.058317
4,0.031869
4,0.026886
4,0.080753
4,0.071601
4,0.013606
4,0.018488
4,0.069416
0,0.027789
0,0.021364
4,0.011756
4,0.0216
4,0.024778
4,0.016507
4,0.044943
144,0.066402
4,0.012883
144,0.025204
4,0.013965
144,0.05235
4,0.020283
4,0.466637
4,0.07876
4,3.19159
4,0.021196
4,0.022867
144,0.048389
144,0.028884
4,0.046602
4,0.069322
4,0.042658
144,0.032533
4,0.02826
0,0.020739
4,0.018356
0,0.041681
4,0.01614
0,0.023066
4,0.068635
4,0.026451
4,0.02382
4,0.104249
4,0.036504
4,0.07416
4,0.022839
4,0.022344
4,0.009401
4,0.080311
4,0.073748
144,0.05859
4,0.019087
4,0.067523
4,0.035079
4,0.090343
4,0.057473
4,0.04713
4,0.017817
4,0.041109
144,0.030423
144,0.029399
4,0.031246
4,0.024899
4,0.016837
4,0.020308
4,0.029146
4,0.03065
4,22.5486
4,0.014578
144,0.043556
144,0.052196
4,0.016013
144,0.054944
4,0.079032
4,0.120075
144,0.070623
4,18.1683
4,7.29921
4,0.022821
4,0.013738
4,0.027342
144,0.052791
4,0.032614
144,0.06849
4,0.049863
4,0.049991
4,0.082195
4,0.057229
4,0.245105
4,0.054702
4,0.034661
4,0.082145
144,0.042467
4,17.7489
144,0.059369
4,0.019435
4,0.033359
4,15.2364
4,23.6218
144,0.036237
4,1.89704
144,0.035194
4,0.015219
4,0.26188
4,2.12669
4,0.027032
4,0.021429
4,0.09204
144,0.051364
4,0.07018
4,0.03442
4,0.030649
4,0.023332
4,0.054083
4,0.034599
4,0.026418
144,0.028093
4,0.052504
4,0.02561
4,0.027014
4,0.018049
4,0.065682
4,0.027736
4,7.36132
4,0.024924
4,0.019551
4,0.023852
4,0.01991
4,0.02564
4,0.038412
4,0.015154
4,0.025608
4,0.018601
4,0.053957
4,0.02258
4,0.012567
4,0.019414
144,0.034935
4,0.068783
4,0.025398
0,0.028853
4,0.031903
4,14.7333
0,0.035461
4,0.020038
4,26.9399
0,0.056818
4,0.054576
4,0.112611
0,0.025818
4,0.092037
4,0.119882
144,0.028042
4,0.050432
4,0.026863
4,0.028572
4,0.052868
4,0.118298
144,0.033998
4,0.019596
4,0.063122
144,0.02843
4,0.03647
4,0.054604
4,0.057319
4,0.039543
4,0.056818
4,0.020801
4,0.069166
4,0.017586
4,0.022029
4,0.015606
4,26.3448
4,0.049963
4,0.044567
4,0.037174
4,0.100073
4,0.013476
4,0.037672
4,0.593356
4,0.016498
4,0.016582
4,1.0837
4,0.039929
4,0.046756
4,7.4119
4,0.033136
4,0.015239
144,15.2695
4,0.058205
4,0.020971
0,22.5366
4,0.017801
4,0.008464
4,1.00816
4,0.013396
4,0.044456
4,16.3787
4,0.031028
4,0.018672
144,25.0201
4,0.019119
4,0.016664
0,33.5798
4,0.106287
4,0.029707
4,18.4272
4,0.039233
4,0.011358
4,7.68311
4,0.026402
4,0.018233
144,18.7773
4,0.039729
4,0.020131
4,15.178
4,0.013922
4,0.009414
4,11.7521
4,0.012491
4,0.006611
4,8.66496
4,0.024858
4,0.008617
144,16.3513
4,0.055621
4,0.006127
144,24.537
4,0.015395
4,0.03563
4,25.0848
4,0.025332
4,0.072892
144,7.9645
4,0.016738
4,8.1167
4,16.1397
4,0.015002
4,0.251981
4,24.7893
4,0.010516
4,0.043515
0,33.1786
4,0.011678
4,0.059222
4,35.7714
4,0.019092
4,0.019802
4,19.6491
4,0.036219
4,0.065302
4,20.1731
4,0.016059
4,0.125534
0,30.1838
4,0.010067
4,0.016766
4,30.1805
4,0.021061
4,0.030629
4,35.4789
4,0.020199
4,0.083261
4,19.0357
4,0.01083
4,0.049502
4,13.2446
4,0.010253
4,0.070137
4,18.9106
4,0.012629
4,0.049859
4,18.8396
4,0.013077
4,0.012407
0,28.1755
4,0.050848
4,0.043488
4,29.1723
4,0.026239
4,0.007045
4,28.8021
4,0.022075
4,0.03641
4,37.2769
4,0.051993
4,0.167053
4,27.3557
4,0.14394
144,35.9807
4,0.024194
4,0.075915
4,35.9424
4,9.55537
4,28.9586
4,0.009143
4,38.7849
4,0.026499
144,47.6586
4,0.013738
4,39.1278
4,0.050998
144,48.8614
4,0.013731
4,48.0666
4,0.041379
4,28.3892
4,0.009335
4,0.023344
4,37.4295
4,0.006378
4,27.2075
4,0.007437
144,32.7695
4,0.006841
4,23.3799
4,0.011726
4,0.12355
4,35.2075
4,11.6744
144,39.5916
4,0.138965
4,33.4497
4,0.010142
144,41.1286
4,0.007817
4,31.4891
4,0.077184
4,38.6754
4,0.006508
144,35.2657
4,0.276594
4,22.8845
4,6.05634
4,14.4768
4,0.013367
4,20.7279
4,0.050569
4,0.017119
4,19.9657
4,0.041787
4,2.70395
4,0.128463
144,13.592
4,0.021992
4,18.4934
4,0.014113
4,8.55931
4,0.045312
4,7.64658
4,0.017539
144,19.4103
4,0.008431
144,27.6902
4,0.030997
4,28.6662
4,0.015366
4,35.5735
4,14.8572
4,13.4834
4,13.9169
144,21.5609
4,15.9568
4,7.21677
4,18.0295
144,32.0701
4,32.9927
4,14.9864
144,14.7749
4,14.7019
4,22.7933
4,22.1743
144,16.0977
4,5.75523
4,7.16807
4,7.13916
4,0.0208
4,5.77731
4,0.022688
4,0.054397
4,0.026302
4,0.040527
4,0.166785
4,0.012404
4,0.012709
4,0.045762
4,0.028325
4,0.089644
4,0.179723
4,0.08135
4,0.117801
4,0.076307
144,0.091614
4,0.068783
4,0.114327
4,0.057205
4,0.07035
4,0.081208
4,0.133526
4,0.047466
4,0.091682
4,0.066688
4,0.017611
4,0.042972
4,0.156418
4,0.01771
4,0.01641
4,0.023699
4,0.035672
4,0.086773
4,0.231316
4,0.020423
4,0.018954
4,0.047964
4,0.041652
144,0.075705
4,0.020915
144,0.033849
4,0.207915
4,7.18004
4,0.043972
4,0.027504
4,0.021873
4,0.094495
4,0.046943
144,0.055384
4,0.01385
4,15.5179
4,16.3679
144,3.71511
4,3.5464
4,3.50517
4,3.66386
4,0.017953
4,0.031427
4,0.041887
4,0.08557
4,0.181327
4,13.6079
144,0.022379
4,0.021504
4,0.034574
4,0.028412
4,0.027032
4,0.122493
4,0.025932
4,0.014339
4,0.096522
4,0.064271
4,0.052039
4,16.5717
4,0.059245
4,0.020413
4,0.097491
144,0.071353
4,0.014287
4,0.019917
4,0.020327
4,0.040919
4,0.010668
4,0.024156
4,0.034734
4,0.01491
4,0.015114
4,0.032958
4,0.023063
4,0.041636
4,0.049343
4,0.01248
4,0.045271
4,0.051222
4,0.017621
4,0.018215
4,0.010829
4,0.009703
4,0.015276
4,0.057688
4,0.049564
4,0.073948
4,0.02287
4,0.014167
4,10.107
4,0.057821
0,6.90593
4,0.015447
4,0.020809
4,0.049849
4,0.056484
4,0.037049
4,0.082334
4,0.011398
4,0.013865
4,0.015198
144,0.029456
4,0.05092
4,0.031683
4,0.013693
4,0.017149
4,0.061572
0,0.034099
4,0.015077
4,0.057437
4,0.021947
4,0.050324
4,0.076968
4,0.058368
4,0.012171
4,0.026445
4,27.6544
4,0.012183
4,0.046771
4,16.6453
4,0.049383
4,0.019126
4,0.049673
4,0.032709
4,0.054859
0,0.051135
4,0.018771
4,0.019065
4,0.038001
4,0.048092
4,0.034414
4,32.9175
4,0.013204
4,0.038342
4,0.049881
4,0.138932
4,0.031486
4,0.038414
4,0.066145
4,0.009458
0,0.02643
4,0.019308
4,0.009376
4,0.03867
4,0.023695
4,0.007311
4,0.458197
4,0.024726
4,0.007781
4,8.95176
4,0.040169
4,0.007191
144,0.101436
4,0.011192
4,0.007969
4,11.997
4,0.023734
4,0.010621
4,23.6558
4,0.06267
4,0.011532
4,0.091257
4,0.010475
4,0.008254
4,10.5535
4,0.012769
4,0.007795
144,21.9566
4,0.008086
4,0.007255
144,0.255571
4,0.060546
4,0.007993
4,10.3649
4,10.7377
4,0.006521
4,21.4312
4,0.127112
4,0.007449
4,0.113378
4,0.052624
4,0.011085
4,11.5663
4,0.109832
4,0.007716
4,0.033181
4,0.006697
4,0.007445
4,3.7122
4,0.020838
4,0.007017
4,0.073515
4,0.016875
4,0.004692
4,11.4931
4,0.038997
4,0.011273
4,0.19601
4,0.00985
4,0.006765
4,10.4874
4,0.012859
4,0.006884
4,0.072018
4,0.014037
4,0.010825
4,11.5357
4,0.036279
4,0.007924
4,0.102306
4,0.038054
4,0.011269
4,11.1247
4,0.008913
4,0.007426
144,22.1896
4,0.006286
4,0.006948
4,5.29918
4,0.007051
4,0.010788
4,5.87614
4,0.01385
4,0.007538
144,17.1035
4,0.013711
4,0.008351
4,23.332
4,0.01444
4,0.010761
4,11.6595
4,0.015957
4,0.008166
4,11.0531
4,0.008147
4,0.012599
4,19.5972
4,0.007162
4,10.5066
4,0.005535
144,13.32
4,0.009432
4,12.2507
4,0.009784
144,11.1862
4,0.008246
4,11.8161
4,0.006332
4,5.91197
4,0.00628
4,0.006424
4,0.006181
4,0.078997
4,0.027284
144,10.7264
4,0.047044
4,0.087262
4,0.007024
144,10.9056
4,0.006415
0,22.1355
4,0.007598
4,0.082659
4,0.007594
4,0.069642
4,0.006789
144,3.86321
4,0.006474
4,6.92447
4,0.013095
4,0.127371
4,0.006587
4,6.93241
4,0.004481
4,0.152347
4,0.008097
4,7.29416
4,0.009542
4,1.43882
4,0.008602
4,0.377577
4,0.008804
4,0.031082
4,3.76809
4,0.011178
4,37.9797
4,0.137011
4,0.008011
4,8.39995
4,0.143442
4,0.005785
4,9.15379
4,0.061266
4,0.006338
4,0.180003
4,0.020363
4,0.006704
4,8.0848
4,0.106953
4,0.008716
4,0.064244
4,0.087596
4,0.004713
4,7.75339
4,0.042955
4,0.009605
4,1.43878
4,0.069466
4,0.008746
4,0.399304
4,0.03822
4,0.009308
0,8.03204
4,0.036084
4,0.008255
4,16.1774
4,0.060243
4,0.012899
4,7.18163
4,0.016959
4,0.005709
4,7.96285
4,0.099305
4,0.013026
4,9.56695
4,0.042249
4,0.005519
144,13.2564
4,0.017052
4,0.006064
4,12.187
4,0.056107
4,0.010909
0,9.00574
4,0.011378
4,0.020385
4,24.6536
4,0.007555
4,0.008924
4,29.1865
4,0.007348
4,0.006905
4,12.5473
4,0.007554
4,0.031143
4,14.7815
4,0.007979
4,0.008648
4,0.245535
4,0.006555
4,0.006696
0,12.0168
4,0.007488
4,0.007494
4,25.3318
4,0.007674
4,0.010837
4,13.1844
4,0.008102
4,0.007844
4,12.0763
4,0.030406
4,0.006283
4,10.1326
4,0.007598
4,0.006149
4,0.465067
4,0.011391
4,0.016456
4,10.0683
4,0.007441
4,0.010153
4,11.0275
4,0.007333
4,0.006335
4,11.2099
4,0.009456
4,0.006361
144,49.6173
4,0.007475
4,0.00966
4,40.0728
4,0.00793
4,0.008152
4,0.123608
4,0.007289
4,0.006455
4,10.4222
4,0.0073
4,0.006747
4,0.092301
4,0.007026
4,0.007014
4,10.6648
4,0.011328
4,0.012325
4,0.116859
4,0.007127
4,0.006098
4,0.185436
4,0.008098
4,0.007351
4,10.3856
4,0.011552
4,0.011706
4,0.099555
4,0.011071
4,0.005211
4,9.40518
4,0.008301
4,0.007075
4,1.9177
4,0.0092
4,0.00612
4,0.360484
4,0.008213
4,0.009571
4,10.6839
4,0.007356
4,0.004307
4,10.8694
4,0.006967
4,0.007751
4,10.5984
4,0.007758
4,0.009485
4,12.4886
4,0.012993
4,0.006917
4,0.219317
4,0.013694
4,0.050186
0,10.1651
4,0.051349
4,0.005914
4,20.6971
4,0.006583
4,0.005928
4,11.7357
4,0.007363
4,0.007684
4,12.0443
4,0.007553
4,0.007954
4,11.5123
4,0.00748
4,0.007968
4,0.265209
4,0.00747
4,0.009213
4,11.5706
4,0.008499
4,0.010681
4,11.1496
4,0.008148
4,0.006629
4,10.8685
4,0.007869
4,0.007834
4,13.2157
4,0.007041
4,0.007123
4,0.343616
4,0.007879
4,0.00783
4,1.58199
4,0.007086
4,0.006653
4,10.4047
4,0.006768
4,10.2424
4,11.0981
4,0.006199
4,10.7302
4,0.006674
4,0.007407
4,0.220093
4,0.031728
4,0.006753
4,10.2278
4,0.035565
4,0.024234
4,0.148521
4,0.007178
4,0.008875
4,11.035
4,0.007802
4,0.04006
0,21.5842
4,0.007925
4,0.006091
4,1.58973
4,0.007553
4,0.019539
4,0.299452
4,0.006382
4,0.01901
4,10.9264
4,0.01013
4,0.02141
4,10.9288
4,0.009769
4,0.024032
4,11.1499
4,0.026088
4,0.024182
4,13.1117
4,0.022535
4,0.021831
4,0.283974
4,0.010079
4,0.019841
0,10.7473
4,0.008061
4,0.006794
4,22.1316
4,0.007181
4,22.0191
4,10.7763
4,0.007414
4,17.657
4,7.11843
4,0.007265
4,0.023342
4,11.7271
4,0.015771
4,0.058096
4,7.25187
4,0.309614
4,0.0131
4,4.49631
4,0.007118
4,0.050922
144,15.0155
4,0.005755
4,0.031317
4,34.0388
4,0.007483
4,0.024775
4,21.3387
4,0.007133
4,0.007944
0,23.2767
4,0.006421
4,0.005413
4,22.1562
4,0.034984
4,0.007011
4,6.16366
4,0.006418
4,0.012613
4,5.01334
4,0.008199
4,0.006207
0,15.9797
4,0.007149
4,0.006199
4,22.5395
4,0.008216
4,0.00713
4,10.5657
4,0.00668
4,0.006646
4,11.3646
4,0.007785
4,0.028722
4,0.485261
4,0.00777
4,0.055476
144,10.7508
4,0.007177
4,0.014379
4,21.4057
4,0.007715
4,0.005755
4,21.2294
4,0.007356
4,0.068383
4,11.0616
4,0.007365
4,0.035628
4,0.375163
4,0.00714
4,0.006397
4,0.373404
4,0.010911
4,11.9178
4,11.1154
4,0.007741
4,9.3171
4,11.3052
4,0.008037
4,0.133432
4,10.6416
4,0.006898
4,0.006953
4,11.9034
4,0.007467
4,0.055612
4,6.73182
4,0.007637
4,0.088558
144,9.93089
4,0.007678
4,0.017037
4,43.2863
4,0.006876
4,0.007778
4,13.1633
4,0.007147
4,0.01097
4,8.86325
4,0.00766
4,1.30122
4,2.95101
4,24.2791
4,7.36313
4,7.90468
4,0.007722
4,0.05055
4,3.3091
4,0.00659
4,0.023723
4,10.1023
4,0.062946
4,0.017443
4,11.2844
4,0.007549
4,0.009303
4,12.5068
4,0.005985
4,0.006271
0,21.3172
4,0.01467
4,0.006336
4,6.27926
4,0.007446
4,0.007749
4,4.77211
4,0.00708
4,0.007527
4,11.1743
4,0.007386
4,0.006665
4,0.078823
4,0.007078
4,0.006529
4,10.7785
4,0.007832
4,0.006375
4,0.040156
4,0.007893
4,0.007869
4,11.4469
4,0.007944
4,0.007299
4,1.51705
4,12.472
4,0.007343
4,0.154719
4,0.549051
4,0.007041
4,9.88877
4,0.006746
4,0.063817
4,0.065206
4,0.007204
4,0.076368
4,10.1061
4,0.006339
4,0.008076
4,1.7475
4,0.007806
4,0.024421
144,17.057
4,0.007861
4,10.9292
0,21.585
4,0.007361
4,0.042654
4,21.7396
4,0.013373
4,0.008
4,10.7768
4,0.009181
4,0.022113
4,11.0332
4,0.006536
4,11.189
144,22.0168
4,0.008183
4,0.005619
4,23.5776
4,0.007856
4,0.011101
0,36.0919
4,0.032235
4,0.007476
4,26.1484
4,0.011058
4,0.063322
4,0.144576
4,0.062538
4,0.088856
144,12.097
4,0.007519
4,0.014271
4,24.0214
4,0.023418
4,0.006996
4,12.9352
4,0.00763
4,0.008433
4,13.7777
4,12.9466
4,0.082355
144,12.5419
4,8.55232
4,12.8773
4,53.1596
4,6.909
4,0.068176
144,0.23114
4,0.007827
4,0.017936
4,0.264793
4,0.006208
4,0.023631
4,5.63175
4,0.143112
4,0.011137
144,10.4317
4,0.007705
4,0.045014
4,1.64626
4,1.29914
4,0.028128
4,11.7987
4,7.42795
4,0.060265
4,6.23507
4,0.007433
4,0.015673
4,11.4906
4,0.011318
4,0.006825
4,0.253267
4,0.007129
4,0.051818
4,11.02
4,0.011094
4,0.005562
0,28.0921
4,0.007663
4,6.58538
4,0.254977
4,0.007281
4,0.064747
4,10.3642
4,0.007605
4,10.9728
144,21.3269
4,0.007059
4,0.063755
4,10.2675
4,0.007914
4,0.007917
4,11.5038
4,0.007154
4,0.057277
4,10.9948
4,0.014907
4,12.3019
144,23.4766
4,0.007105
4,0.14652
4,26.9536
4,0.006642
4,0.008593
4,10.0626
4,0.015616
4,0.087305
4,11.0912
4,0.049827
4,0.242083
4,17.1194
4,0.010922
4,0.012539
4,3.53786
4,0.071535
4,0.064222
4,11.1897
4,12.3265
4,12.2776
144,23.6192
4,0.070757
4,0.072353
144,33.8628
4,0.006243
4,0.005558
4,33.7986
4,0.041314
4,0.005609
4,10.4665
4,0.02189
4,0.055548
144,11.2588
4,11.3616
4,11.1771
144,21.9286
4,0.103699
4,0.12181
4,23.5829
4,0.009055
4,0.005737
4,0.262051
4,0.132812
4,0.065698
4,10.0052
4,9.22164
4,12.4715
4,0.044366
4,0.007059
4,0.115097
4,9.35926
4,0.092262
4,1.70184
4,0.422133
4,0.921229
4,0.025282
144,15.0085
4,0.086961
4,0.005564
144,18.9174
4,0.007707
4,0.005419
4,11.0495
4,0.023255
4,0.037526
4,10.7493
4,10.6594
4,10.2458
144,21.4737
4,0.078596
4,0.091518
144,31.9135
4,0.028788
4,0.006574
4,32.2753
4,0.006305
4,0.047545
4,10.5909
4,0.086737
4,0.089754
4,12.0217
4,0.138926
4,21.8673
4,0.338169
4,0.008076
4,0.077092
4,10.8636
4,0.005856
4,10.5956
144,9.7034
4,0.077317
4,0.061035
144,21.2496
4,10.3377
4,0.005951
4,31.5323
4,0.0489
4,0.053123
4,0.436079
4,0.006627
4,7.18415
4,1.45572
4,0.070045
4,0.200461
144,12.3135
4,10.3352
4,0.007081
144,23.1237
4,0.102897
4,0.007631
4,10.9416
4,0.010082
4,0.054241
4,6.33869
4,0.055732
4,22.6861
4,10.8546
4,10.5357
4,0.073463
4,3.3653
4,0.006071
4,5.44276
4,10.1912
4,0.006652
4,0.054183
144,20.8657
4,0.010237
4,0.00536
4,20.9977
4,0.09731
4,0.005301
144,17.8316
4,10.4442
4,0.070594
4,10.9017
4,0.067987
4,10.8306
144,21.6336
4,0.007728
4,0.333474
4,21.6403
4,0.007186
4,0.006341
4,10.8218
4,0.022812
4,0.080128
4,10.6079
4,10.5473
4,0.157901
144,20.8628
4,0.076861
4,0.005227
4,26.952
4,0.007577
4,0.007464
4,31.2744
4,0.007743
4,0.005832
4,0.706836
4,0.033004
4,0.071765
4,11.1673
4,0.142283
4,10.9688
144,22.0175
4,0.024375
4,0.077959
4,0.350677
4,0.012705
4,0.007204
4,3.822
4,0.058466
4,0.02136
144,14.0214
4,10.8232
4,10.9974
144,24.9516
4,0.063602
4,0.167034
4,0.965198
4,0.046937
4,0.065052
4,10.8363
4,10.6979
4,0.273896
4,21.1296
4,0.131884
4,0.005503
144,32.119
4,0.007561
4,0.006406
4,7.27226
4,0.00603
4,0.029374
144,3.8002
4,0.103593
4,10.1646
4,10.7758
4,0.140444
4,0.059519
4,0.511539
4,0.107178
4,0.059845
4,10.676
4,10.3274
4,10.5466
144,21.9661
4,0.035936
4,0.139649
144,33.5446
4,0.007791
4,0.007658
4,12.0496
4,0.057988
4,0.419392
4,11.3522
4,11.2282
4,6.61653
144,22.0972
4,0.121378
4,0.078224
4,27.1704
4,0.007082
4,0.007381
4,0.625471
4,0.085964
4,0.069882
144,11.3447
4,0.140756
4,11.3465
4,28.8344
4,0.007039
4,0.047609
4,4.31003
4,0.054989
4,0.00788
4,11.1657
4,11.2219
4,0.024618
144,22.9418
4,0.037731
4,11.9308
4,23.8284
4,0.007247
4,0.25068
144,33.5077
4,0.013388
4,0.007281
4,0.53095
4,0.059056
4,0.190739
144,11.3044
4,11.5723
4,6.53771
4,27.9367
4,0.116942
4,0.005915
4,3.45267
4,0.066678
4,0.176138
4,11.0153
4,0.157616
4,10.676
144,21.6808
4,0.005997
4,0.078354
4,28.3262
4,0.010416
4,0.005933
4,0.411171
4,0.045371
4,0.040843
144,10.7118
4,11.3342
4,11.2805
144,22.1741
4,0.051197
4,0.121406
4,33.8898
4,0.007718
4,0.008081
4,12.3354
4,0.05312
4,0.686074
4,11.1018
4,11.0781
4,7.07178
144,22.5003
4,0.115459
4,0.035172
4,28.1611
4,0.00609
4,0.006388
4,0.466699
4,0.06332
4,0.064569
144,9.99088
4,0.140525
4,10.0632
4,20.9212
4,0.006986
4,0.042368
4,24.7153
4,0.007479
4,0.007188
4,13.6933
4,0.02392
4,0.029316
4,12.8177
4,12.202
4,12.8316
144,25.7246
4,0.035589
4,0.130918
144,39.4135
4,0.007451
4,0.007419
4,7.09962
4,0.00727
4,0.061292
4,4.85599
4,0.059849
4,0.307093
144,17.1416
4,12.5176
4,0.024542
4,29.4611
4,0.111911
4,0.009388
4,5.99825
4,0.496099
4,0.024492
4,12.1173
4,0.122253
4,12.2157
144,23.6648
4,0.007502
4,0.04121
4,6.81923
4,0.007727
4,0.025837
4,5.76224
4,0.023777
4,11.9745
144,17.4739
4,11.9165
4,0.189887
144,31.0087
4,0.036802
4,0.010628
4,38.7138
4,0.007436
4,0.00739
4,13.8882
4,0.04686
4,0.106051
4,11.6434
4,11.4034
4,6.82007
144,29.003
4,0.076665
4,0.006999
4,16.4586
4,0.006717
4,0.008375
4,4.93574
4,0.191496
4,0.058487
4,11.0993
4,0.119408
4,11.1696
144,21.3867
4,0.009048
4,0.071826
4,27.3309
4,0.01782
4,0.006274
4,5.00764
4,0.084306
4,0.083267
144,10.2604
4,10.4181
4,10.7276
144,20.7728
4,0.03234
4,0.133604
4,22.4239
4,0.008061
4,0.043587
4,12.0428
4,0.053658
4,0.279516
4,10.9497
4,10.8
4,0.17322
144,21.6312
4,0.120321
4,0.00579
4,27.2549
4,0.00733
4,0.005814
4,11.3417
4,0.670882
4,0.139162
144,10.6788
4,7.41879
4,10.8785
4,16.6781
4,0.007002
4,0.096324
4,5.07744
4,0.052002
4,0.008289
4,10.6971
4,10.7169
4,0.055502
144,21.8589
4,0.073727
4,10.8497
4,22.5934
4,0.007373
4,0.166458
144,34.1273
4,0.008211
4,0.010418
4,24.0701
4,0.025114
4,0.005324
144,17.6107
4,11.1197
4,0.058452
4,10.647
4,0.169365
4,6.94698
4,17.6705
4,0.006174
4,0.005739
4,4.25075
4,0.055082
4,0.069683
4,10.4273
4,0.168354
4,10.5553
144,25.4136
4,0.037416
4,0.053164
4,20.3666
4,0.006926
4,0.006642
4,0.233204
4,0.029864
4,0.054986
144,10.5964
4,10.6833
4,10.8176
144,21.1676
4,0.047211
4,0.20101
4,31.7875
4,0.007869
4,0.026076
4,0.323057
4,0.025529
4,0.180128
4,11.5116
4,11.2789
4,0.228308
144,23.1351
4,0.145113
4,0.008187
4,39.9103
4,0.008305
4,0.00732
4,0.858478
4,0.091893
4,0.050642
4,10.3994
4,0.169163
4,27.2114
4,38.1237
4,0.011229
4,0.065534
144,48.4447
4,0.006587
4,0.010899
4,30.0552
4,0.00762
4,0.007292
4,11.5947
4,0.0949
4,0.025568
4,15.5501
4,11.4124
4,10.7097
144,26.0272
4,0.054595
4,0.090627
4,32.9699
4,0.007819
4,0.007803
144,44.6117
4,0.007648
4,0.011236
4,45.9825
4,0.007615
4,0.007475
4,11.723
4,0.025351
4,0.081598
4,11.8793
4,11.9418
4,17.5376
144,22.8044
4,0.094439
4,0.006813
4,28.7579
4,0.007266
4,0.008276
4,10.9848
4,0.278555
4,0.068615
4,9.96063
4,7.2927
4,10.6273
144,21.0316
4,0.005763
4,0.059401
4,28.4277
4,0.006324
4,0.00726
4,4.71556
4,0.051765
4,0.149453
4,11.2983
4,11.5204
4,11.9203
144,23.5232
4,0.036706
4,0.461106
144,34.6732
4,0.007261
4,0.005806
4,35.2478
4,0.00773
4,0.042686
4,11.4107
4,0.023499
4,0.12204
4,22.4877
4,11.0866
4,0.255505
4,22.2579
4,0.108305
4,0.006049
144,33.356
4,0.007672
4,0.010984
4,29.4407
4,0.007701
4,0.006751
4,33.8352
4,0.00795
4,0.022337
4,16.235
4,0.070778
4,0.066492
4,11.8808
4,0.171228
4,10.9122
4,22.4676
4,0.007428
4,0.043959
144,40.1844
4,0.007629
4,0.005099
4,33.5233
4,0.007244
4,0.00712
4,11.123
4,0.032358
4,0.02542
4,11.8013
4,11.8204
4,11.7932
144,23.2163
4,0.059632
4,0.092468
144,33.8382
4,0.006786
4,0.0083
4,34.2448
4,0.007837
4,0.008666
4,11.3858
4,0.050297
4,0.065405
4,22.6914
4,11.4843
4,0.235987
4,23.3062
4,0.118637
4,0.034519
144,33.1707
4,0.005975
4,0.016992
4,28.1088
4,0.006146
4,2.81224
4,5.03593
4,0.175234
4,0.021766
4,11.6302
4,0.161841
144,29.9941
4,0.006707
4,21.2102
4,0.005651
144,11.5421
4,0.025158
4,11.3563
4,0.147461
4,11.3698
144,22.3041
4,0.057368
4,34.1642
4,0.007426
4,6.71085
4,0.014973
4,0.008339
4,11.321
4,0.053015
144,16.2222
4,10.6753
144,26.6824
4,0.102528
4,21.1876
4,0.008021
4,32.0554
4,0.007621
4,1.81555
4,0.073866
144,10.1431
4,0.154184
4,17.9386
4,0.013823
4,3.35559
4,0.076807
4,14.0466
4,0.016353
4,36.1762
144,45.2678
4,0.094466
4,38.9275
4,0.007298
4,8.06827
4,0.024984
144,19.5864
4,7.05478
4,19.296
4,0.124953
144,26.2472
4,0.006745
4,17.8927
4,0.007617
144,24.7935
4,0.010617
4,15.7215
4,0.026399
4,0.133056
4,7.32396
4,14.0053
4,15.6253
4,0.020952
4,14.3284
4,0.017024
4,0.008422
4,15.7791
4,0.025326
4,8.68329
4,0.061289
144,16.4376
4,8.21848
4,16.5564
4,0.073517
4,29.804
4,0.0071
144,37.3936
4,0.007262
4,29.7934
4,0.017085
4,7.33343
4,0.016379
4,0.181443
4,14.9386
4,6.85819
4,22.1282
4,0.63629
144,23.0455
4,0.039561
4,15.9106
4,0.144584
4,0.009695
4,8.09039
4,0.062104
144,21.4523
4,0.17969
4,22.1495
4,0.006267
4,35.7804
4,0.008301
4,20.173
4,0.007392
144,27.9133
4,0.010413
4,16.3746
4,0.092576
4,23.541
4,0.016957
4,7.24441
4,15.476
4,0.060165
144,29.2285
4,0.006365
4,15.9102
4,0.006496
4,23.6984
4,0.009782
4,19.3174
4,0.057022
4,0.320659
144,26.4846
4,6.98289
4,14.7252
4,0.414231
144,21.4887
4,0.007033
4,17.979
4,0.007776
144,25.4934
4,0.038122
4,14.8672
4,0.192819
4,6.89559
4,0.026583
4,14.2114
4,13.2906
4,6.77139
4,0.041142
4,0.018467
4,0.606768
4,0.13341
144,6.31714
4,0.061372
144,17.4124
4,0.005113
4,24.6789
4,0.158379
4,0.007715
4,31.8132
4,0.007434
4,3.2333
4,0.09584
4,11.5774
4,6.65783
144,14.4229
4,0.142278
144,21.6075
4,0.007388
4,25.1578
4,0.006051
4,22.6431
4,0.006397
4,13.8114
4,0.237184
4,7.01801
4,6.67863
4,13.3739
4,0.018803
4,0.159731
4,0.013928
144,5.82814
4,0.138658
4,16.9903
4,0.011175
4,0.006191
144,24.0129
4,0.015284
4,0.006611
4,0.242774
4,0.031085
4,0.066317
4,6.58459
4,0.015062
4,10.6533
144,17.6205
4,0.030756
4,0.106701
144,25.2883
4,0.019993
4,0.007457
4,1.8941
4,0.01118
4,1.10568
4,6.41905
4,0.010307
4,7.29316
4,13.4699
4,0.015363
4,7.28754
4,2.96185
4,0.019071
4,0.099215
144,27.1146
4,0.067122
4,6.60968
4,14.2117
4,0.026763
4,0.628206
4,17.0225
4,0.115107
4,0.105842
144,7.22113
4,0.038301
4,0.007235
4,9.90915
4,0.075907
4,0.007919
4,9.94866
4,0.023796
4,1.0948
0,7.30867
4,0.058583
4,7.21365
4,1.28855
4,0.050011
4,3.3642
0,14.7759
4,0.027059
4,0.013626
4,3.99572
4,0.071945
4,0.268974
0,10.7213
4,0.031481
4,0.009284
144,22.2019
4,0.010499
4,0.032238
4,34.5318
4,0.00981
4,0.025638
4,35.2332
4,0.105971
4,0.011136
144,10.623
4,0.112554
4,0.068842
4,21.0367
4,0.048158
4,0.019321
4,25.7884
4,0.009359
144,33.262
4,0.029216
4,0.011028
144,18.6713
4,0.010003
4,10.7998
4,0.044699
4,31.1788
4,13.4792
144,26.229
4,0.444908
4,11.3896
4,0.017482
144,11.8007
4,0.067173
4,11.1602
4,6.83353
4,27.6158
4,0.006201
144,22.0794
4,0.016351
4,12.547
4,0.013666
4,23.5682
4,0.036227
4,6.31008
4,0.018537
4,0.061259
4,11.5874
4,0.061718
144,17.1695
4,0.040333
4,11.766
4,0.011402
4,19.0074
4,0.012372
4,0.035454
144,31.0825
144,26.8456
4,7.02771
4,14.5701
144,21.5888
4,5.74955
4,6.33137
4,0.142443
4,1.86989
144,8.84302
4,0.197613
144,6.74441
4,18.4087
144,26.0062
4,0.517857
4,6.33989
144,17.1655
4,0.344382
4,0.015903
4,0.033101
4,0.018144
4,0.03682
4,0.108122
4,0.199341
4,0.018
4,0.053873
4,0.013729
4,0.050743
4,0.027247
4,0.099642
4,0.085475
4,0.026785
4,0.093259
4,0.092147
4,0.012733
4,0.05476
4,0.015889
4,0.030329
4,0.022872
4,0.063268
4,0.064931
4,0.053551
144,0.073016
4,0.100236
4,0.03884
4,0.035778
4,0.089124
4,2.77821
4,2.85365
4,0.054887
4,0.010769
4,0.135286
4,0.086635
4,0.02182
4,0.037568
4,0.034764
4,0.020664
4,0.060198
4,0.024714
4,0.137352
4,0.012604
0,0.112508
4,0.034622
144,0.033284
4,0.08762
4,0.01242
4,0.058575
0,0.098433
4,0.040405
4,0.033065
4,0.011895
144,17.4634
4,0.046771
4,4.37458
4,0.012522
4,0.03072
4,0.107854
4,0.029172
4,0.038398
0,4.75556
4,0.011182
144,0.864417
4,0.016764
4,0.008465
4,0.141493
144,1.8235
4,0.016393
4,0.129559
4,0.026409
4,5.67618
4,0.013731
144,8.86868
4,0.015591
144,0.189007
4,0.02593
4,0.015807
4,7.72933
4,0.02301
4,10.6335
4,0.024892
4,0.010969
144,18.3289
4,0.013208
4,1.30815
4,0.082782
4,20.6699
4,6.86922
4,6.5575
4,0.147087
4,4.43857
4,0.013463
144,6.91847
4,0.043127
4,10.3479
4,0.042201
4,0.384281
4,3.44577
4,28.1379
144,8.44272
4,0.032976
4,33.7691
4,0.208831
4,0.014722
144,1.07064
4,0.03345
4,7.1206
4,0.087751
4,11.9329
4,0.01853
144,0.173623
4,0.036182
4,4.98881
4,0.019575
4,6.26026
4,0.015053
144,17.4606
4,1.75486
144,41.8102
4,23.5916
4,1.64609
144,8.89431
4,14.463
4,0.075898
4,0.024334
144,0.063147
4,0.039077
4,0.015026
4,0.136635
4,0.187373
4,0.217565
4,0.141531
4,0.137338
4,0.519153
4,0.223451
4,0.052253
4,0.028425
4,0.020001
4,0.513174
4,10.4435
4,57.0017
4,0.140572
4,0.09258
144,0.07662
144,0.073324
4,0.009696
4,0.152491
4,0.041859
4,0.027651
4,3.78652
4,0.025999
4,0.468376
4,0.010657
144,0.367377
144,9.83247
4,15.8251
4,12.6572
4,17.7955
4,6.67959
4,0.161729
4,0.127017
4,0.076826
4,0.012357
4,8.61552
4,22.8568
4,11.1479
4,11.0289
4,0.02757
4,11.0135
144,16.9109
4,6.22857
4,6.16458
4,2.38574
144,2.47965
4,0.034596
4,65.9778
4,60.1895
4,0.030772
4,4.20898
4,10.7157
4,10.2241
144,9.84051
4,0.541836
4,0.64504
4,0.726793
144,0.911137
4,0.832108
4,0.03377
4,1.11716
4,48.2286
4,48.1521
4,47.9437
4,0.128725
4,0.194432
4,0.185738
144,0.256233
4,0.026828
4,0.01922
4,0.065075
4,0.019159
144,0.069933
4,0.185778
144,0.118165
4,0.119938
4,0.012598
4,0.029799
4,0.760678
4,0.371984
144,0.482583
4,0.662958
4,0.138823
4,0.335988
4,11.2021
4,3.61751
4,77.2033
4,76.8013
4,59.0442
4,0.509667
4,0.588236
144,0.655846
4,0.815221
144,0.7241
4,0.075121
4,0.017908
4,0.028491
4,0.032121
4,7.18269
4,0.01591
4,30.0155
4,35.4378
144,34.9882
144,34.7043
4,2.04889
4,4.00797
4,3.69277
4,12.1344
4,80.4916
4,80.0642
144,0.246512
4,0.190796
4,0.173549
4,0.167912
144,0.346665
4,0.007203
144,0.066184
4,0.020032
4,0.035781
4,0.011706
4,0.091515
4,0.022981
4,1.1031
4,3.15796
144,12.8659
4,1.54332
4,65.7196
4,13.5144
4,0.1436
4,0.041638
4,0.033873
4,11.9676
4,0.010861
144,13.0623
4,5.84086
144,11.454
4,6.65582
144,12.3027
144,0.141232
4,0.150232
4,0.081154
4,0.031056
4,0.011552
4,0.010792
4,0.011611
4,0.093566
4,0.044022
4,0.219537
4,0.020992
4,0.087058
4,0.053034
4,0.141347
4,0.018634
4,0.127057
4,0.028078
4,0.223639
4,0.067787
4,0.191811
4,0.089675
4,0.11292
4,0.033583
4,0.089418
4,0.020286
4,0.037776
4,0.033557
4,0.028006
4,0.0227
4,0.105252
4,0.0559
4,0.118144
4,0.139865
4,0.069053
4,0.132903
4,0.031999
4,0.107341
4,0.022613
4,0.101397
4,0.150098
4,0.103194
144,0.031711
4,0.008808
4,0.072058
4,0.008452
144,0.064735
4,0.031484
4,0.038046
4,0.106215
4,0.077309
4,0.019673
4,0.03538
4,0.072611
4,23.4891
144,0.019775
4,0.00971
4,0.006631
144,36.7757
4,0.009347
4,0.039698
144,0.072021
144,76.2545
144,1.66658
4,0.028417
4,0.012092
144,0.067985
4,0.019729
144,0.023472
4,0.037316
4,0.012546
4,0.045643
4,13.5322
144,13.5659
4,0.012759
4,0.017197
4,0.05999
4,0.015469
4,0.017002
4,0.029456
144,0.094021
4,0.050345
4,0.040646
4,0.009056
4,0.018521
144,0.020567
4,23.3837
144,0.079225
4,0.008979
144,0.023927
4,0.053844
144,0.028074
4,0.011286
144,0.055086
4,0.015613
4,0.082144
4,0.064594
4,15.5526
4,0.077954
4,0.075747
4,0.013185
4,0.043432
4,0.011813
4,0.063653
4,0.04281
4,0.053173
4,0.014317
4,0.049526
4,0.033488
144,0.037576
144,0.017082
4,0.017571
4,3.73718
4,0.011591
144,0.015635
4,0.028852
4,0.050001
4,0.011835
4,0.040091
4,0.031186
4,0.022931
4,0.020196
144,0.046364
4,0.035693
4,0.025305
4,11.3534
4,0.066859
4,0.017958
4,0.0122
4,0.026457
4,0.023519
4,0.018399
4,0.059554
4,0.037296
4,0.015429
4,0.05764
4,0.025346
4,0.023389
4,0.098654
144,0.030028
144,0.037375
4,0.009996
4,0.010352
144,0.017264
4,0.053865
4,0.0086
0,0.014191
4,0.006396
0,0.07217
4,0.010956
4,0.008371
4,0.005845
4,0.005782
4,0.011688
4,0.033524
4,0.024835
4,0.040892
4,0.015007
4,0.021906
4,0.011293
4,0.007786
4,0.023355
0,0.114705
4,0.147343
144,0.047074
4,0.038056
144,0.017296
4,0.118577
144,0.01486
4,0.014901
4,0.114292
4,0.008385
4,0.079266
4,0.150125
4,0.683667
4,0.397096
4,5.17101
4,0.007141
4,0.015669
4,0.013307
4,0.013831
4,0.021523
4,0.032791
4,0.037789
4,0.09567
4,0.032181
4,0.035435
4,0.037457
144,0.016596
4,0.034985
144,0.017286
4,0.057367
4,0.06611
4,0.183779
4,0.028525
144,0.020771
0,0.020597
4,0.136328
4,0.056927
4,0.04001
4,0.10933
0,0.013624
4,0.010012
144,0.013819
4,5.66741
4,0.097325
0,0.012604
4,0.130731
144,0.016146
4,0.030891
144,0.04025
4,0.038062
4,0.082251
4,0.011466
4,0.007708
4,0.00624
4,0.007419
4,0.070344
4,0.005686
4,0.017018
4,0.005751
4,0.012703
4,0.014219
4,0.018582
4,0.044619
4,0.051331
4,0.021671
4,0.058225
144,0.023833
144,0.015583
4,10.1569
144,0.157329
4,0.026553
4,0.015001
4,9.08851
4,0.085253
4,0.084069
4,0.012956
144,0.014906
144,0.016886
4,0.014892
4,0.054391
4,0.059941
4,0.058152
4,0.015784
4,0.467293
4,0.039934
4,0.05121
4,0.028438
144,0.022106
144,0.020258
4,0.02143
4,0.08554
4,38.9929
4,0.007059
4,0.006312
144,0.017728
144,0.014876
4,0.007245
144,0.019933
4,0.036163
4,0.055995
144,0.020034
144,0.15397
4,0.006661
4,0.020806
144,0.022991
144,0.020121
4,0.008736
4,0.012734
4,0.045161
4,0.010169
4,0.04608
4,0.036866
4,0.043049
0,0.021428
0,0.013479
144,0.029159
4,0.010125
4,0.010785
4,0.027306
4,0.017394
4,0.011121
4,0.023584
4,0.024303
4,0.025384
4,0.014652
4,0.027719
0,0.1511
4,0.048656
4,0.012701
0,0.150274
4,0.031962
4,0.012219
0,0.019083
4,0.009725
4,0.030248
0,0.013982
4,0.019908
4,0.014727
144,0.01651
4,0.00878
4,0.01063
144,0.017603
4,0.009927
4,0.009823
144,0.020719
4,0.008986
4,0.024397
144,0.132697
4,0.01122
4,0.006576
144,0.017357
4,0.008726
4,0.008338
144,0.018972
4,0.011234
4,0.006378
144,0.018364
4,0.099564
4,0.00871
144,0.014877
4,0.062761
4,0.007093
144,0.022911
4,7.31241
4,0.041774
144,0.022513
4,0.177435
4,0.051622
144,0.019483
4,4.52936
4,1.43798
144,0.166106
4,19.3509
4,0.190829
144,0.040942
4,0.007798
4,8.47358
4,0.007374
0,0.141686
4,0.007113
4,0.01163
4,0.006275
4,0.016577
4,0.006948
4,0.012655
4,0.017637
4,0.010095
0,0.140362
4,0.027805
4,0.010629
144,0.036059
4,0.077448
4,0.052769
144,0.021962
4,0.101823
4,0.010182
4,10.3987
4,0.081163
0,0.01286
4,0.008875
4,3.95778
4,0.016039
144,0.141072
4,0.293794
4,0.008909
144,0.029118
4,7.09107
4,0.060054
4,0.103039
144,0.149412
4,0.19912
4,0.116322
144,0.018859
4,10.7601
4,10.9191
144,0.02305
4,0.15355
4,0.008079
144,0.019461
4,6.84689
4,0.00858
144,0.016091
4,0.008159
4,0.007973
144,0.01546
4,0.006282
4,0.006759
144,0.042188
4,0.005504
4,0.010146
144,0.134529
4,0.01854
4,0.006834
144,0.040722
4,0.011828
4,0.00749
144,0.142815
4,0.006145
4,0.006823
144,0.021758
4,0.013085
4,0.012439
4,0.048464
4,0.0071
4,0.044311
4,0.007553
4,0.026862
144,0.025329
4,0.007491
4,0.025266
4,0.007045
4,0.030776
4,0.007307
4,0.023987
4,0.010781
4,0.07033
4,0.006601
4,0.022215
144,0.141593
4,0.007587
4,18.4862
4,0.006915
4,0.017635
4,0.007873
144,0.02106
4,0.015492
4,0.007457
144,0.020597
4,0.01298
144,0.020926
4,0.05692
4,0.048296
4,11.6357
4,0.127615
4,0.071599
4,0.090174
4,0.01491
4,0.006459
4,0.054925
4,0.006449
4,0.013625
4,0.035524
4,0.006382
4,0.00836
4,0.059352
4,0.092136
4,7.18442
4,0.304144
4,13.6291
144,0.016375
4,0.037889
4,0.076232
4,0.047278
144,0.021317
4,0.013271
144,0.015111
4,0.058218
144,0.021185
4,0.074978
144,0.022449
4,0.051261
4,0.017287
4,0.019516
144,0.149119
144,0.138507
4,13.1947
4,0.032564
144,0.022334
144,0.023337
4,12.5152
144,0.144255
4,3.10893
144,0.013983
0,0.136191
0,0.036833
4,0.245024
4,0.016059
4,0.022934
4,0.014575
4,0.0661
4,2.82245
4,0.027241
4,0.040023
4,0.083454
4,0.028568
4,0.071088
4,0.041171
4,0.032695
4,0.013153
0,0.020144
4,0.038262
144,0.027004
4,0.06802
4,0.021594
4,0.012863
4,0.023585
4,0.039146
4,0.229915
4,0.010082
144,0.014326
144,0.139561
4,0.008126
4,0.031666
4,0.101817
4,0.048738
4,0.035867
144,0.019492
4,0.033138
4,0.033226
4,0.032752
4,0.02142
4,0.080367
4,0.057225
4,0.058515
4,0.069157
4,0.069488
4,0.032685
4,0.039126
144,0.138913
144,0.022025
4,0.041701
4,0.019021
4,0.068426
144,0.019331
4,0.03995
144,0.14024
4,0.041049
144,0.018783
4,0.060668
4,0.018317
4,0.017938
144,0.021416
4,0.026699
144,0.140919
144,0.017841
4,0.037123
4,0.136082
144,0.024083
144,0.037684
4,38.1075
4,0.02651
144,0.170895
4,0.13873
144,0.040323
144,0.016152
4,0.010436
144,0.038185
4,0.015822
144,0.136195
4,27.8207
4,0.03713
144,0.14409
144,0.024555
4,88.3052
4,0.010741
144,0.141381
4,0.082289
144,0.144892
4,0.280866
144,0.135306
144,0.039385
4,0.036819
4,0.050589
144,0.134048
4,0.022212
144,0.016739
4,0.027716
144,0.020864
4,0.009974
4,0.031703
144,0.138427
144,0.149722
4,0.060317
144,0.147529
4,0.01502
144,0.142467
4,0.017016
4,0.024116
144,0.140123
4,0.041749
144,0.015224
4,0.015057
144,0.034572
144,0.021317
4,0.025109
4,1.25118
144,0.025029
144,0.023845
4,0.020543
144,0.138272
4,23.0914
4,0.090406
144,0.143148
144,0.039059
4,12.0182
144,0.140911
4,0.05029
144,0.179826
4,0.014066
4,0.204602
144,0.136307
144,0.138175
4,0.018115
