4,4.83378
144,24.914
4,4.89783
144,14.6563
4,4.90402
4,0.007241
4,3.22538
144,2.03104
4,4.95504
4,63.6072
144,1.26969
4,5.01049
4,2.41005
4,1.88474
144,0.175962
4,5.02247
4,0.030087
4,4.90815
4,0.059617
4,3.22194
144,0.057153
4,3.18825
144,4.82105
4,3.19264
4,0.02596
4,0.014936
4,0.014741
4,0.011098
4,0.011284
4,0.010996
144,0.51205
4,0.008786
144,0.042849
4,0.005195
144,0.023276
4,0.005517
4,0.005487
4,0.006008
4,0.041725
4,12.1109
4,28.2069
4,0.21031
4,0.258114
4,0.275236
4,0.28688
4,0.326565
4,0.004552
4,0.00472
144,0.019059
144,0.01692
144,0.019636
144,0.01638
4,0.014431
144,0.016044
4,0.029578
144,0.022844
4,0.009632
144,0.018892
4,0.010934
144,0.015112
4,0.014391
4,0.405633
4,0.022979
144,7.41936
144,22.8041
4,0.005821
4,0.055505
0,16.8098
4,0.032006
4,0.014651
4,0.014805
4,0.015965
4,0.02611
4,0.010565
4,0.011091
4,0.015177
4,0.012326
4,0.019653
0,12.4488
4,0.012968
0,13.0294
4,0.016303
144,11.7257
4,0.015514
144,0.030834
4,0.014581
144,0.02032
4,0.025845
4,0.016771
4,0.019866
4,0.014792
4,0.049354
4,1.45793
4,8.14614
4,0.527437
4,5.56984
4,6.40917
4,1.3304
4,0.028988
4,0.011227
4,0.024351
4,0.00929
4,0.083341
4,3.62589
4,0.01138
4,0.022989
4,0.022623
4,3.50885
4,0.249945
4,0.127845
4,0.081406
144,5.89268
4,2.76127
144,26.349
4,11.7286
4,0.166692
4,0.037056
4,0.031504
4,0.013663
4,0.088203
4,0.005128
4,0.018398
4,0.075625
4,0.510032
144,23.8674
4,40.3998
4,0.00978
4,0.048074
4,0.07374
4,0.0296
4,0.004613
4,0.047412
4,0.005207
4,0.024082
4,0.142744
0,37.8199
4,0.016691
0,11.7036
4,0.023474
4,2.69735
4,1.97375
144,2.5322
4,0.023425
4,25.5634
4,0.020932
0,25.7371
4,0.015162
4,1.46952
4,0.005441
4,0.011119
4,0.015996
144,9.04701
4,0.022303
144,0.021447
4,0.023493
4,0.206312
4,0.065212
144,0.120985
4,0.069398
4,0.041677
4,3.39904
4,0.309918
4,2.44434
4,3.70126
4,0.012252
4,0.013787
4,0.021376
4,4.10164
4,0.06379
4,0.026481
4,3.36037
4,0.011712
4,3.35155
4,3.80352
4,0.026592
4,19.2541
144,36.1047
144,5.80597
4,0.030152
4,0.05848
4,0.016158
4,0.030152
4,0.007552
4,0.013249
4,0.01335
4,0.005653
144,11.8428
4,0.121482
144,4.01624
4,0.061475
144,4.04444
4,3.26984
4,0.017094
4,0.026223
4,0.005711
4,0.013154
144,0.109795
4,0.0139
0,32.0499
4,39.9745
0,12.0476
4,5.12989
4,0.016174
144,39.6832
4,0.013469
4,0.02517
144,3.81784
4,0.082146
4,0.025935
4,0.013021
4,2.23243
4,7.25503
144,3.69086
4,0.223952
4,0.017036
4,0.034783
4,0.040055
0,4.15843
4,0.052178
4,2.96867
4,2.95108
4,3.54871
4,3.36449
4,3.52775
4,0.03984
4,7.48521
4,17.7773
4,1.5938
4,0.009095
4,0.146486
4,0.151507
4,0.102726
4,0.101382
4,0.021426
4,0.049819
4,3.57556
4,3.82832
4,0.071197
4,0.027863
4,4.05136
4,6.66936
4,0.00502
4,0.028033
4,0.100656
4,25.0755
4,0.025231
4,0.037345
4,1.69934
4,0.020705
4,0.015325
144,0.038543
4,0.02773
4,0.014064
4,3.06355
4,0.997159
4,0.011828
4,11.0441
4,7.92778
4,3.93333
4,0.009207
4,0.015461
4,3.31374
4,0.020517
4,0.387309
4,2.54458
4,0.004617
144,0.038321
4,0.008162
4,0.018091
4,0.00987
4,0.009105
4,0.04067
144,0.02041
4,2.1045
4,0.008984
4,2.16023
144,0.044885
4,0.372964
4,0.066013
4,2.55397
4,18.8086
4,7.67589
4,0.020459
4,47.5133
4,0.025906
4,0.012566
144,0.115809
4,2.09016
4,5.23752
4,2.02671
4,0.042425
4,3.40593
4,0.014505
4,0.622167
4,3.7732
4,0.016136
4,3.69253
4,0.03904
4,0.026535
4,0.149408
4,3.66767
4,0.004732
4,0.014212
4,2.0745
4,3.01621
4,0.008068
4,0.013302
4,0.00448
4,1.28756
4,0.025907
4,2.19427
4,15.9782
4,0.023325
4,0.009844
4,0.016273
4,0.005353
4,0.038273
4,0.031632
4,0.049456
144,1.17552
4,1.8641
4,0.016903
4,0.016809
144,3.94179
4,0.004878
4,0.024881
4,3.50866
4,0.023601
4,2.38638
4,0.023772
4,1.58074
4,0.205186
4,7.12444
4,0.203085
4,3.81204
4,0.341406
4,3.18288
4,0.009869
4,0.013914
4,0.017628
4,0.014727
4,0.005413
4,0.021541
4,0.005182
4,0.005802
144,2.76508
4,0.021721
4,6.96074
4,0.008256
4,0.04895
4,0.008239
0,1.58137
4,0.004155
4,0.047797
4,0.006568
0,6.99153
4,0.009072
4,0.004584
4,0.005329
0,0.077961
4,0.005397
4,6.49158
4,0.012975
4,0.005894
4,0.004767
4,0.004839
4,0.005061
4,0.00516
4,0.005327
4,0.006611
4,0.005403
4,0.009614
4,0.005771
4,0.031649
4,11.913
4,0.628665
4,0.027088
4,0.005108
4,0.004888
4,0.023099
4,0.022411
4,0.060579
4,0.31948
4,0.065405
4,0.007815
4,0.006703
4,0.009964
4,0.025162
4,0.149231
4,0.048295
4,0.984957
4,0.027277
4,3.26639
4,7.60839
4,2.82739
4,0.004477
144,1.34426
4,7.71701
4,6.93726
4,11.7672
4,4.68452
144,3.65616
144,59.9656
4,4.4473
4,0.02907
4,0.00994
144,3.96806
4,0.023532
144,0.056025
4,3.97747
4,0.020821
4,0.027057
4,0.015032
4,0.012231
4,0.012754
4,0.022708
4,3.73715
4,3.72969
144,0.089466
4,0.054527
4,0.098028
4,0.004831
4,0.064888
4,0.033414
4,0.010649
4,0.022722
4,0.034012
144,0.047059
4,3.39993
4,0.051885
4,0.016603
4,0.010095
4,0.018677
4,0.06033
4,0.267357
4,0.051267
144,3.11486
4,3.77318
4,0.005141
4,0.252312
4,0.021422
4,2.82431
144,0.024961
4,0.023241
4,0.022344
4,0.004374
4,0.023343
4,0.024227
4,2.74061
4,0.014543
4,0.023322
4,0.00526
4,0.016811
144,0.028222
4,0.035644
4,0.033965
4,0.008918
4,0.014535
4,0.025518
4,0.010123
4,0.014581
4,0.128546
144,0.062458
4,0.041497
4,0.06493
4,3.97403
4,2.94877
0,3.82471
4,7.78729
4,0.041452
4,0.036799
4,0.035457
4,0.172721
4,0.081694
4,0.021693
4,0.005228
144,0.025134
4,0.011856
4,0.016424
4,0.017832
4,7.38495
144,0.023061
4,0.004391
4,0.024296
4,0.004556
4,0.013167
4,0.027329
4,0.033303
4,0.03886
4,0.007656
4,0.136917
4,0.021906
4,0.058579
4,0.222522
4,0.017301
4,0.018155
4,0.008385
4,0.021013
4,0.019961
4,0.137783
4,0.009331
4,0.163752
4,0.020534
4,0.028164
4,0.019741
4,0.008023
4,0.008565
4,0.007577
4,3.52148
4,0.010211
4,0.024163
4,0.039962
4,0.014941
4,0.023046
4,0.008909
4,0.010962
4,0.021508
4,1.95664
4,0.013002
4,0.004547
144,4.00534
4,2.15313
4,3.79615
4,3.68655
4,0.005173
4,0.021171
4,0.024823
4,0.04506
4,2.79255
144,3.95809
4,0.012351
0,0.061602
4,1.33438
4,3.20331
4,2.1304
0,0.049663
4,0.013046
4,0.35592
4,0.019782
4,3.30436
4,0.024304
4,0.01056
4,0.032227
4,0.026502
4,3.0281
4,114.301
4,0.048329
4,0.004575
4,31.9831
0,0.084021
4,0.022548
4,5.58923
4,0.038655
4,3.1853
4,0.16496
4,0.026044
4,0.014868
4,0.129152
4,0.029425
4,7.79436
4,0.010014
4,0.069083
4,3.38298
4,0.023661
4,0.024523
4,3.73104
4,0.018394
4,0.005643
4,0.011691
4,0.008434
4,0.006576
4,0.04225
4,0.012895
4,0.087018
4,3.82914
4,0.009152
144,6.89955
4,0.013097
4,0.021751
0,13.4739
4,0.019982
4,0.024012
4,0.004684
4,0.033877
4,0.01124
4,0.040049
4,0.019238
4,0.013216
144,9.60725
4,0.006122
4,0.012601
4,0.04158
4,0.044866
4,0.034951
144,10.5184
4,10.6568
4,0.32229
4,0.046367
4,0.113245
4,0.022732
0,10.3995
4,0.006951
4,0.019593
4,0.16106
4,0.084025
4,2.79714
144,10.5308
4,0.188276
4,0.021625
4,0.03876
4,0.006739
4,0.005571
144,4.51787
4,0.006045
4,0.005816
4,0.039877
4,0.005776
4,0.032325
144,10.3699
4,0.009558
4,10.4165
4,0.061971
4,0.006346
4,0.131361
4,0.141141
4,0.005911
4,0.005108
144,11.3664
4,0.006258
4,9.15147
4,0.039589
4,0.032128
4,0.007318
144,10.7494
4,10.9729
4,0.006321
4,0.007036
4,0.158322
4,0.004577
4,0.554201
4,0.00516
4,0.006049
144,0.128138
4,0.01338
4,0.005908
4,0.004216
4,0.005047
4,0.004928
144,6.06683
4,0.010212
4,0.040513
4,0.031322
4,0.004489
4,0.08509
4,0.047758
144,10.0209
4,11.4762
144,21.0938
4,0.660499
4,0.1162
4,0.018342
4,0.004769
4,0.013891
144,0.4843
4,0.014149
4,10.593
4,0.010258
4,6.0283
4,0.013184
144,4.78943
4,10.558
144,22.7981
4,6.61159
144,10.8838
4,0.00449
144,27.0431
4,6.48655
144,0.329569
4,7.01607
4,0.057788
144,7.35541
4,0.131376
4,0.004974
4,0.006368
4,0.006112
4,0.040663
144,0.045386
4,0.062184
4,0.012581
4,0.02141
4,0.01017
4,0.005905
4,3.86314
4,27.7479
4,15.7177
4,0.028667
4,0.149004
4,0.022074
4,0.023556
4,0.020146
4,0.067546
4,1.01175
4,0.021779
4,0.034257
4,0.34722
4,0.022524
4,0.137238
4,0.023667
4,0.010427
4,0.314541
4,3.70231
4,0.02047
4,0.024783
4,0.263783
4,0.008324
4,0.021905
4,0.019321
4,0.014942
4,0.116753
4,0.020584
4,0.02195
4,2.01741
4,0.005024
4,0.037278
4,0.027033
4,0.016491
4,3.05288
4,0.059854
4,0.035012
144,0.072061
4,0.008301
4,0.026766
4,0.022165
4,0.049228
4,3.74764
4,0.00988
4,0.016119
4,0.019918
4,0.016218
4,0.016792
4,0.01735
4,0.0094
4,1.41896
4,0.024611
4,0.020689
4,0.026066
4,0.501697
4,3.74004
4,0.301871
4,0.017809
4,6.96316
4,11.5567
4,3.94503
4,0.019398
4,0.022283
4,0.023479
4,0.02248
4,0.019451
4,30.8588
4,78.3591
4,0.177836
144,27.8566
4,0.013261
4,63.4615
0,0.085242
4,0.011753
4,0.023315
4,47.168
4,0.012707
4,0.004568
4,0.018582
4,0.085243
4,0.246245
4,0.024519
4,0.025583
4,0.14443
4,0.028142
4,0.02403
4,0.219651
4,0.004675
4,0.207162
4,0.212862
4,1.12069
4,0.276393
4,4.90988
0,0.06036
4,1.05215
4,0.017158
4,0.041491
4,0.017554
4,0.027075
4,0.004879
4,27.8933
4,11.9365
4,11.7901
4,0.015169
4,7.81964
4,0.91629
4,64.1168
4,4.03874
4,0.174481
4,2.04264
4,0.277801
4,0.023376
4,0.121319
4,1.30276
4,0.007944
4,0.034306
4,1.392
4,2.72886
4,0.178139
4,0.036581
4,0.030357
4,0.004953
4,0.060514
4,0.620122
4,0.157001
4,0.023227
4,235.96
4,0.023757
4,2.39938
4,0.026051
4,0.023817
4,2.92984
4,0.024518
4,3.8453
4,0.032131
4,3.95884
4,3.8851
4,0.032037
4,2.6213
4,0.045742
4,0.01445
4,0.551673
4,0.078639
4,0.892647
4,0.811885
4,2.96242
4,3.46629
4,7.96427
4,0.024428
4,0.028951
4,2.66958
4,13.1803
4,0.69956
4,0.285225
4,0.075095
4,0.184915
4,7.69461
4,0.119153
4,0.009731
4,0.048828
4,79.3932
4,0.082544
4,0.006319
4,2.13303
4,0.011722
4,0.076057
4,0.024512
4,0.053781
4,0.011945
4,0.009921
4,0.00636
4,0.017664
4,0.006827
4,3.70677
4,0.006406
4,0.009654
4,21.3998
4,0.006657
4,0.016275
4,0.005264
4,7.71665
4,0.022425
4,0.29415
4,0.02178
4,2.34608
4,0.771824
4,3.78297
4,0.005948
4,0.039871
4,0.040933
4,0.028022
4,0.012062
4,3.87068
4,0.06538
4,0.129601
4,0.006187
4,1.78429
4,0.018897
4,0.005818
4,0.081109
4,0.085146
4,0.00564
4,1.95254
4,0.045097
4,0.005923
4,1.96678
4,0.004566
4,0.006055
4,0.111709
4,3.7593
4,0.006245
4,0.005689
4,0.115472
4,0.005563
4,0.067053
4,0.022489
4,0.00442
4,7.01667
4,0.024818
4,0.005868
4,2.67637
4,0.026313
4,0.005866
4,0.005172
4,0.006117
4,0.005833
4,0.064458
4,0.017723
4,0.005576
4,3.82282
4,0.005994
4,0.006045
4,0.046263
4,0.005911
4,0.005764
4,10.7859
4,0.005919
4,0.006333
4,2.37264
4,0.005979
4,0.005987
4,0.161992
4,0.058093
4,0.004569
4,11.0282
4,0.006201
4,0.005005
4,0.072645
4,0.006313
4,0.005892
4,11.0554
4,0.029379
4,0.005641
4,2.56721
4,0.006475
4,0.005817
4,0.175182
4,0.005998
4,0.005737
4,11.2511
4,0.006203
4,0.005987
4,0.075562
4,0.004506
4,0.005737
4,10.5709
4,0.004511
4,0.005747
4,2.53379
4,0.005139
4,0.005895
4,0.151116
4,0.004463
4,0.005723
4,11.4225
4,0.004648
4,0.005803
4,0.066511
4,0.030406
4,0.00571
4,11.5021
4,0.006309
4,0.005762
4,3.03856
4,0.006023
4,0.006094
4,0.244576
4,0.006074
4,0.005538
4,11.4984
4,0.011291
4,0.005759
4,0.085924
4,0.004303
4,0.0058
4,11.6606
4,0.006081
4,0.006055
4,2.29476
4,0.004608
4,0.005799
4,0.228618
4,0.004928
4,0.00569
4,11.1395
4,0.006577
4,0.005543
4,0.050456
4,0.028868
4,0.006003
4,10.7071
4,0.004825
4,0.005754
4,2.67024
4,0.009138
4,0.006034
4,0.011713
4,0.004499
4,0.006175
4,11.7258
4,0.006323
4,0.012068
0,10.4321
4,0.004958
4,0.00589
4,10.4607
4,0.006396
4,0.006134
4,21.5247
4,0.004607
4,0.005709
0,24.4004
4,0.00474
4,0.006163
4,10.7222
4,0.00458
4,0.005737
4,0.157182
4,0.004541
4,0.005798
4,10.8163
4,0.004349
4,0.008928
4,0.063571
4,0.00488
4,0.005744
4,10.4561
4,0.004342
4,0.006237
4,3.27458
4,0.004437
4,0.010551
4,0.185698
4,0.00443
4,0.005892
4,10.3054
4,0.004502
4,0.005857
4,3.21703
4,0.035378
4,0.005832
4,0.199259
4,0.004718
4,0.005746
4,11.4311
4,0.005225
4,0.006006
4,0.124041
4,0.006246
4,0.009017
4,10.9041
4,0.005111
4,0.023684
0,24.5732
4,0.00608
4,0.004895
4,2.72653
4,0.004474
4,0.034109
4,0.006282
4,0.005672
4,0.005785
4,0.005775
4,0.004729
4,0.005372
4,0.005777
4,0.009411
0,21.0861
4,0.006079
4,0.005796
4,12.8046
4,0.009365
4,0.008804
4,0.004858
4,0.005337
4,0.011031
4,22.4538
4,0.005821
4,0.006123
4,0.004749
4,0.006117
4,0.004531
0,0.247655
4,0.005967
4,0.005984
0,8.80495
4,0.009016
4,0.007961
4,19.7766
4,0.190276
4,0.025912
4,30.5212
4,0.008691
4,0.020821
4,0.085881
4,0.008413
4,0.02126
144,0.064152
4,0.022581
4,0.005366
4,0.085035
4,0.005716
4,0.005282
144,0.027711
4,0.00615
4,0.006656
4,2.84764
4,0.00612
4,0.006032
4,15.8386
4,0.006145
4,0.004407
4,0.005111
4,0.013807
4,0.004206
4,0.4253
4,0.005952
4,0.004739
4,0.008899
4,0.005764
4,0.006173
4,0.004961
4,0.005767
4,0.00602
4,0.021511
4,0.004348
4,0.005796
4,59.8844
4,0.005907
4,0.00499
4,29.4875
4,0.016653
4,0.004805
4,0.005487
4,0.005846
4,0.005116
4,15.2759
4,0.005879
4,0.005892
4,0.005409
4,0.005667
4,0.005895
4,0.004734
4,0.005553
4,0.004399
4,66.4656
4,0.005933
4,0.005321
4,55.9238
4,0.005835
4,0.004648
4,0.05064
4,0.007685
4,0.006167
4,12.1551
4,0.005773
4,0.006158
4,52.9678
4,0.004556
4,0.005029
4,64.9777
4,0.005889
4,0.005798
4,0.049458
4,0.004295
4,0.006071
4,9.46116
4,0.005611
4,0.004641
4,78.5515
4,0.005889
4,0.006067
4,99.2246
4,0.006033
4,0.004601
4,53.0666
4,0.004333
4,0.005821
4,94.2771
4,0.006163
4,0.004494
4,43.9604
4,0.006088
4,0.004395
4,0.070552
4,0.005826
4,0.004562
4,0.094337
4,0.005488
4,0.004299
4,0.006092
4,0.0064
4,98.5305
4,0.005643
4,0.004396
4,25.9422
4,0.005996
4,0.005107
4,51.8784
4,0.005628
4,0.017366
4,55.9483
4,0.005986
4,0.004823
4,0.005659
4,0.004612
4,3.97604
4,0.004396
4,11.6214
4,0.00446
4,0.007513
4,0.024678
4,0.004609
4,0.005907
4,0.006041
4,0.006542
4,0.005985
4,0.006747
4,0.006138
4,33.5315
4,0.027283
4,0.00582
4,0.025207
4,0.00464
4,0.004548
4,0.00482
4,0.005196
4,0.004876
4,0.00662
4,0.004922
4,26.5528
4,0.025087
4,0.004457
4,0.024126
4,0.05671
4,0.004399
4,13.3103
4,51.6806
4,0.004723
4,8.03869
4,0.061409
4,0.004448
0,0.016383
4,1.54654
4,0.004711
0,0.068073
4,0.012406
4,0.006243
4,0.012913
4,15.5121
4,0.006544
4,0.032191
4,66.9263
4,0.006136
4,0.078166
4,20.1347
4,0.00589
4,0.022895
4,37.866
4,0.00443
4,0.010092
4,8.88223
4,0.00608
4,0.012997
4,0.568645
4,0.005907
144,0.117334
4,0.022213
4,0.006058
4,4.59222
4,0.123116
4,0.005931
4,0.123744
4,0.022684
4,0.004561
4,3.69012
4,1.1485
4,0.005225
4,15.6603
4,0.004558
4,0.00506
4,14.8498
4,0.037653
4,0.004228
4,2.10241
4,0.010081
4,0.005034
4,0.065903
4,0.024768
4,0.006182
4,5.70197
4,0.025068
4,0.005192
4,7.90274
4,0.00493
4,0.006216
4,7.86344
4,0.268634
4,6.51598
4,7.86632
4,0.007233
4,0.004943
4,3.8541
4,0.006649
4,0.008092
4,0.038953
4,0.006068
4,0.006568
4,2.21982
4,0.00501
4,0.007023
4,3.79707
4,0.008088
4,0.006568
4,3.91278
4,4.15228
4,0.006279
4,2.49346
4,0.035585
4,0.006188
4,0.880192
4,0.005839
4,0.02515
4,4.59753
4,0.006099
4,0.020971
4,4.66237
4,0.004911
4,30.4631
4,0.004309
4,0.005834
4,33.2419
144,17.4338
4,1.65584
4,30.9755
4,0.120459
4,0.00753
4,0.023989
4,10.0433
4,0.0068
4,0.025288
4,0.005044
4,0.006041
4,1.74235
4,45.465
4,0.005135
4,1.94296
4,0.768679
4,0.005843
0,12.2988
4,0.013503
4,0.005851
4,0.067231
4,0.013501
4,0.017817
4,10.2566
4,0.004848
4,0.006025
4,1.32062
4,0.011984
4,0.005928
4,0.005506
4,0.024586
4,0.005884
4,0.196404
4,6.32973
4,0.034256
4,10.4494
4,3.71297
4,0.005761
4,0.06607
4,3.74427
4,0.005914
4,11.0824
4,0.009989
4,0.007992
4,2.87581
4,0.123808
4,0.042987
4,0.23414
4,0.016518
4,0.004844
144,11.3575
4,0.02831
4,0.005342
4,0.120813
4,0.011873
4,0.044357
4,0.02971
4,9.92678
4,0.009758
4,10.1534
4,0.026139
4,0.094041
144,16.7595
4,0.006522
4,0.02136
4,0.277627
4,38.7802
4,0.020953
4,10.854
4,0.029596
4,0.022977
0,21.5631
4,0.258584
4,0.17095
4,0.004694
4,0.025909
4,0.560322
4,0.004432
4,0.051027
4,0.020771
0,1.58143
4,0.005886
4,0.202136
144,12.1069
4,0.00614
4,0.016303
4,0.004575
4,0.006101
4,0.009784
4,32.1545
4,0.005799
4,0.005749
4,0.004691
4,0.031214
4,0.005998
144,2.94761
4,10.917
4,0.00558
144,10.2523
4,0.090476
4,0.005721
4,21.0325
4,0.006224
4,0.007464
4,0.699153
4,0.00607
4,0.004482
4,2.98135
4,0.113381
4,11.2924
4,11.3948
4,0.099797
4,2.82265
4,11.1087
4,0.006785
4,0.038516
4,13.4107
4,0.044322
4,0.004466
144,14.3208
4,10.5718
4,0.004603
4,10.943
4,0.089603
4,0.008589
4,16.3902
4,0.006807
4,0.005421
4,11.4538
4,0.031473
4,0.005751
4,10.8616
4,11.3449
4,0.029721
144,22.1835
4,0.065895
4,0.004543
144,33.2535
4,0.006441
4,0.026807
4,36.2904
4,0.004884
4,1.90288
4,0.319466
4,0.040097
4,6.99909
4,16.7594
4,0.066364
4,0.007296
4,0.07089
4,0.006759
4,0.029671
4,10.1261
4,0.005826
4,0.004607
4,0.005018
4,0.005722
4,0.008536
144,0.278615
4,0.038692
4,0.00456
0,9.72293
4,10.6589
4,0.006137
4,20.2704
4,0.042258
4,0.007523
4,31.8873
4,0.007636
4,0.005481
4,0.101228
4,0.11055
4,0.006397
4,11.5295
4,11.4239
4,0.006111
144,22.5604
4,0.098961
4,0.006463
4,1.3984
4,0.007186
4,0.005892
4,0.248244
4,6.63037
4,0.005799
4,10.3699
4,0.006759
4,0.008753
4,0.134616
4,0.004449
4,0.024745
4,11.4649
4,0.046647
4,0.008464
144,24.1568
4,12.7916
4,0.005651
4,7.62206
4,0.043755
4,0.006022
144,9.6573
4,0.006234
4,0.007032
4,12.0043
4,0.032081
4,0.005794
4,11.8264
4,12.0977
4,0.005701
144,24.1819
4,0.048875
4,26.7572
144,36.4118
4,0.006567
4,2.79125
4,0.00497
4,0.006305
4,0.726174
4,49.8712
4,0.006045
4,0.006645
4,12.0033
4,0.138169
4,0.022453
4,27.0266
4,6.90336
4,0.006346
4,33.9888
4,0.007234
4,0.006017
4,0.247931
4,0.005992
4,0.005412
4,3.5396
4,0.031668
4,0.045059
144,13.8783
4,10.1736
4,10.487
144,24.7619
4,0.043309
4,0.006705
4,0.117463
4,0.044863
4,0.004418
4,10.8919
4,10.1723
4,0.046239
144,20.9803
4,0.085353
4,10.9099
144,31.8627
4,0.006513
4,0.007378
4,0.251454
4,0.063718
4,0.093277
4,10.7442
4,6.80628
4,10.481
4,0.005235
4,0.006552
4,0.007267
144,6.92711
4,0.006
4,0.032494
144,6.91605
4,0.031383
4,4.62169
4,9.44191
4,10.2481
4,0.041961
4,0.208916
4,0.042803
4,0.004637
4,10.5805
4,0.006088
4,0.058923
4,21.6164
4,0.004337
4,11.5041
4,0.005048
4,0.005945
4,0.06839
144,43.8499
4,0.032193
4,0.004493
4,10.8654
4,10.6659
4,0.04352
144,21.783
4,0.121346
4,0.162594
4,21.9974
4,0.005506
4,0.006968
4,33.1373
4,0.004532
4,0.004542
4,28.8444
4,0.007193
4,0.005303
4,5.66902
4,0.006028
4,0.004393
4,16.4988
4,0.00621
4,0.004297
4,29.3951
4,0.004786
4,0.005011
144,32.8703
4,0.005535
4,0.004755
4,13.9705
4,0.034265
4,0.022875
4,11.2587
4,11.2
4,0.00449
144,22.4454
4,0.043863
4,0.066898
4,22.6461
4,0.007887
4,11.1692
144,33.8724
4,0.00622
4,0.128685
4,22.7006
4,0.031638
4,0.004648
4,10.5082
4,10.4431
4,0.061909
144,21.0933
4,0.053878
4,0.170399
4,21.2534
4,0.006079
4,0.005904
4,17.3902
4,0.004257
4,0.004732
4,4.72374
4,0.004464
4,0.030583
4,11.054
4,6.50745
4,10.6564
144,21.627
4,0.043209
4,0.043315
4,21.7199
4,0.006607
4,0.006796
4,10.4078
4,0.030952
4,0.004623
4,11.222
4,10.773
4,0.046733
144,21.9528
4,0.044271
4,11.0951
144,32.4936
4,0.006247
4,0.128703
4,32.0678
4,0.005904
4,0.004691
4,11.7318
4,0.031238
4,0.004519
4,10.9325
4,11.0643
4,7.31413
4,21.3098
4,0.117793
4,0.046954
144,32.3966
4,0.00592
4,0.004928
4,43.4026
4,0.005546
4,0.006631
4,10.9764
4,0.005955
4,0.004829
4,11.4984
4,0.572908
4,0.031433
4,0.004951
4,0.147175
4,10.328
4,21.28
4,0.004431
4,0.042963
144,31.4267
4,0.004367
4,0.004782
4,26.8413
4,0.004448
4,0.006705
4,4.64533
4,0.031414
4,0.043438
4,15.4031
4,10.612
4,10.5423
144,25.7622
4,0.042473
4,0.103222
144,33.0677
4,0.006444
4,0.004538
4,11.0878
4,0.031458
4,0.051402
4,21.7549
4,10.6663
4,0.168253
4,32.7216
4,0.104137
4,0.007869
144,35.9346
4,0.00643
4,0.004746
4,18.1799
4,0.006065
4,0.032102
4,21.8213
4,0.226728
4,10.145
144,14.9386
4,0.09397
4,0.00576
4,16.742
4,0.014653
4,0.004474
4,21.1276
4,0.005537
4,0.00468
4,0.121364
4,0.031102
4,0.034988
4,10.1491
4,10.327
4,10.1127
144,20.9395
4,0.043907
4,0.1577
144,31.468
4,0.006504
4,0.006096
4,0.205376
4,0.004431
4,0.049841
4,11.124
4,0.04756
4,0.117973
144,22.5523
4,11.3158
4,0.007658
4,33.7447
4,0.086777
4,0.005487
4,0.005034
4,0.006481
4,0.005403
4,2.63984
4,0.004615
4,0.036262
4,10.3587
4,6.54469
4,10.7964
144,21.0656
4,0.043538
4,0.043098
4,0.195234
4,0.007348
4,0.031389
4,4.61492
4,0.034317
4,10.9784
4,15.7409
4,11.0443
4,0.123147
144,26.5765
4,0.044489
4,0.006841
144,36.8554
4,0.006253
4,0.00725
4,0.273804
4,0.004313
4,0.095465
4,10.7732
4,0.046333
4,0.172917
4,20.8927
4,9.95801
4,0.006697
144,37.9154
4,0.11772
4,0.004741
4,1.53297
4,0.106762
4,0.032652
4,9.45403
4,0.182376
4,10.3717
4,0.004853
4,0.007883
4,0.004854
144,35.0182
4,0.00755
4,0.004604
4,10.7237
4,0.031604
4,0.00463
4,10.5803
4,10.9527
4,0.045385
144,22.2683
4,0.058689
4,11.1224
4,32.9832
4,0.006777
4,0.182397
4,33.2727
4,0.025704
4,0.006495
144,44.3301
4,0.006134
4,0.005986
4,22.155
4,0.031208
4,0.650761
4,31.4131
4,10.4276
4,0.224736
4,21.5205
4,0.107599
4,0.006669
144,32.5907
4,0.006386
4,0.004894
4,28.314
4,0.006147
4,0.006189
4,33.0581
4,0.005688
4,0.005888
4,15.4713
4,0.005113
4,0.031767
4,11.4451
4,6.8454
4,11.6754
4,47.7166
4,0.04379
4,0.004775
144,47.5992
4,0.006658
4,0.004244
4,42.9916
4,0.006374
4,0.006448
4,5.38847
4,0.032837
4,0.031894
4,17.6905
4,12.5759
4,13.1344
4,25.8348
4,0.043491
4,0.181539
144,38.2838
4,0.006603
4,0.006367
144,50.9953
4,0.006339
4,0.004558
4,38.0873
4,0.005983
4,0.007394
4,50.9248
4,0.005899
4,0.004808
4,0.004627
4,0.00593
4,0.004715
4,40.1786
4,0.031484
4,0.00461
4,12.123
4,12.5324
4,8.05341
144,26.0224
4,0.046625
4,0.057343
4,33.2034
4,0.006425
4,0.005237
4,38.0515
4,0.005653
4,0.007601
4,17.0584
4,0.407858
4,0.004419
4,10.171
4,0.174829
4,0.004244
4,20.8269
4,0.006648
4,0.042955
144,37.3286
4,0.007103
4,0.004393
4,31.6916
4,0.006401
4,0.00418
4,10.4889
4,0.033065
4,0.0321
4,21.3657
4,10.5243
4,9.99703
4,20.8392
4,0.042517
4,0.167374
144,31.5598
4,0.007341
4,0.006228
144,41.6697
4,0.007248
4,0.004895
4,32.6411
4,0.005896
4,0.005955
4,43.4965
4,0.005791
4,0.007828
4,1.06552
4,0.031909
4,0.9328
4,10.731
4,11.08
4,0.215595
144,21.8518
4,0.17522
4,0.006504
4,0.171976
4,0.007418
4,0.030127
4,4.13723
4,0.058922
4,11.3024
144,15.6136
4,0.200232
4,0.041114
4,0.004845
4,0.006501
4,0.005151
4,0.160721
4,0.004374
4,0.032317
144,11.1619
4,0.059295
4,11.6095
4,22.2253
4,10.6684
4,0.199615
144,32.9484
4,0.044523
4,0.00489
4,0.275455
4,0.004906
4,0.076436
4,10.4365
4,0.055014
4,8.33339
4,20.2649
4,8.93178
4,0.007357
144,35.3171
4,0.192072
4,0.006045
4,1.18063
4,0.015757
4,0.03144
4,8.00657
4,8.33954
4,11.3835
144,18.8455
4,0.006488
4,0.042195
4,28.8474
4,0.00717
4,0.005161
4,38.9166
4,0.006105
4,0.006462
4,3.31475
4,0.031337
4,0.004805
4,10.469
4,10.6034
4,0.004499
144,21.0271
4,0.044369
4,0.207329
144,31.6315
4,0.006819
4,0.007934
4,31.593
4,0.005427
4,0.004955
4,10.9719
4,0.031517
4,0.157979
4,10.8074
4,10.3492
4,0.269347
144,21.0543
4,0.166231
4,0.005338
4,25.1402
4,0.023225
4,0.007853
4,6.89213
4,0.102249
4,0.045009
144,9.12436
4,0.271047
4,10.2002
4,16.4747
4,0.007159
4,0.084002
4,4.39812
4,0.005112
4,0.00691
144,10.6434
4,0.047059
4,0.005034
4,11.2807
4,11.1445
4,0.047453
144,21.9922
4,0.041973
4,10.6044
4,0.004648
4,0.006492
4,0.156598
4,0.004281
4,0.031924
4,0.005223
144,11.2555
4,11.0581
4,0.43342
4,0.042406
4,0.216781
4,0.244071
4,0.257341
4,0.170702
4,0.00742
4,11.3765
4,0.262382
4,0.005102
4,0.312686
4,0.008143
4,0.004537
144,4.2103
4,0.031522
4,0.047787
144,14.6755
4,10.3701
4,10.4018
4,0.006985
4,0.0432
4,0.041637
4,0.084168
4,0.030295
4,0.044158
144,11.1237
4,10.8725
4,11.0393
144,21.8177
4,0.224676
4,0.196668
4,0.195794
4,0.087339
4,6.20937
4,0.004848
4,36.5406
4,0.005465
144,0.073287
4,0.032668
4,0.007012
4,8.72384
4,5.40222
4,0.007596
4,0.078083
4,0.042718
4,0.032487
4,10.2879
4,0.007289
4,2.76706
4,10.8677
4,0.006025
4,0.042175
144,30.1809
4,0.005744
4,0.006489
4,0.123772
4,0.006096
4,0.0061
4,0.134331
4,0.032207
4,0.031714
144,6.72044
4,10.2294
4,11.027
144,18.4418
4,0.221569
4,0.216067
4,0.005127
4,0.007735
4,0.00768
4,0.503337
4,0.200421
4,0.268362
4,11.179
4,22.5422
4,41.5697
4,1.1805
4,0.074987
4,0.033336
4,44.843
4,9.17128
4,4.93668
144,50.6645
4,0.04203
4,0.062881
144,53.5647
4,0.005258
4,0.007765
4,0.103137
4,0.007908
4,0.005042
144,3.03962
4,0.006678
4,0.03211
144,19.6832
4,0.027727
4,11.5682
4,13.4255
4,0.00985
4,0.193759
4,10.9403
4,0.010028
4,0.007591
144,11.1661
4,0.005145
4,0.189655
144,11.4463
4,42.3994
4,1.06464
4,0.03335
144,9.79051
4,0.116082
144,10.3398
4,0.040567
4,11.8424
4,0.004847
4,9.75369
4,0.012481
4,0.040798
144,3.18254
4,0.00496
4,6.87246
4,0.006312
4,0.038122
144,3.64199
4,0.082576
144,3.07976
4,0.004792
4,0.00503
4,0.004816
4,0.004457
4,0.006398
4,0.005312
4,0.004423
4,0.082871
4,0.078126
144,0.076998
4,0.14979
4,0.00489
4,0.105319
4,0.195325
4,0.005621
144,0.027014
4,0.023456
4,1.66169
4,0.006041
4,0.027766
4,0.005286
144,0.036409
4,0.056825
4,0.021537
4,2.63934
144,0.023844
4,0.249779
4,0.023136
4,0.004778
4,3.79376
4,3.9421
4,3.7632
4,0.010512
4,0.008602
4,0.085354
4,0.007766
4,3.98139
4,3.27134
4,0.090553
4,3.86307
4,0.024998
4,3.11352
4,5.25538
4,3.94562
4,0.07092
4,0.009302
4,0.005764
144,4.57327
4,0.010711
4,0.017892
144,10.9884
144,12.1961
144,17.6524
4,0.004587
4,10.916
4,0.040727
144,0.037162
4,0.005511
4,0.009409
4,0.010671
4,97.3536
144,103.759
144,103.759
4,0.005195
4,3.28508
144,8.65122
4,0.004871
144,147.593
4,24.235
4,0.005207
144,4.47419
4,0.00593
4,5.66878
4,0.024829
144,11.7203
4,0.00994
144,9.72372
144,122.209
4,0.00979
4,24.2956
144,16.2042
4,0.115882
144,0.110727
0,0.057241
4,0.005398
4,0.010503
4,0.013519
4,0.023136
4,0.01239
4,0.038639
4,0.010446
4,0.024386
4,0.023111
4,0.023022
4,0.005158
4,0.004681
4,0.037246
4,0.023593
144,82.9636
4,0.009036
4,0.014197
4,0.193658
4,0.014311
4,0.010491
4,0.201335
0,83.6101
4,0.023184
0,7.35869
4,3.12154
4,0.005641
4,0.009758
144,3.89715
4,0.021295
144,7.75906
4,0.02186
144,22.5778
4,0.008733
144,0.330084
4,0.016317
4,0.005378
144,22.5724
4,0.015141
4,0.012482
4,16.083
4,0.009628
4,3.38159
4,0.047778
4,3.98702
4,0.117759
144,0.033611
4,0.014499
4,1.76237
4,0.01753
4,0.005366
144,5.65447
4,0.006223
4,0.009323
4,11.588
4,0.006259
4,2.08906
144,0.020733
4,0.005856
4,3.70737
0,3.50566
4,0.004942
4,0.038359
4,0.031768
4,6.48873
4,0.197471
4,0.027201
4,0.006116
4,6.70793
4,0.005296
4,0.005488
4,0.011982
4,0.110313
4,0.022985
0,10.5061
4,0.011891
144,11.7737
4,0.005318
4,0.021814
0,0.11184
4,0.008309
144,2.0703
4,0.004792
4,6.32575
4,0.008814
144,0.067539
4,0.009147
4,0.022692
4,0.024715
4,0.022953
4,0.014015
4,0.005086
4,0.010781
4,0.0225
4,0.023131
4,0.009812
4,0.008266
4,0.010173
4,0.021307
4,0.023363
4,0.021092
4,0.059478
4,0.077718
4,0.018555
4,0.022352
4,0.038732
4,0.035105
144,7.76722
4,0.010171
4,0.044019
144,11.6611
4,0.025833
4,0.068489
4,0.032921
144,0.071182
4,0.032642
4,0.010553
144,0.057939
4,0.033374
4,0.00555
4,5.69522
4,0.024761
144,0.0314
4,0.00872
4,0.232333
4,0.035042
144,11.4889
4,0.068108
4,0.005297
4,0.008824
4,0.00911
144,11.1533
4,6.25793
144,0.800874
144,0.795215
4,0.005032
4,0.00539
4,0.005193
144,6.46274
4,0.005176
4,0.005255
4,0.010791
4,0.014048
144,72.1929
144,72.3615
144,56.2449
144,110.997
4,23.8555
144,0.055354
144,0.018521
4,0.00972
4,0.020897
4,0.034403
144,4.17067
4,0.005937
144,0.281967
4,0.004969
4,0.009533
4,0.024344
144,0.154893
144,0.018462
4,0.013831
144,40.5964
144,61.7308
4,0.006543
4,0.009024
4,0.008782
144,15.8265
4,0.005406
144,0.390642
4,0.005528
4,0.004958
144,7.81435
4,0.005307
4,0.010016
144,109.618
144,81.9438
144,24.1194
144,46.9925
144,30.3766
144,0.022827
4,0.005457
144,0.033181
4,0.004878
144,0.019365
4,0.005106
144,0.016479
4,0.018682
4,0.005769
144,0.045668
4,0.007374
144,0.035797
144,3.07187
4,0.006642
144,0.019563
4,0.005318
4,2.61631
144,0.014775
4,0.032061
144,0.01486
144,0.01775
4,0.02237
4,0.004641
144,0.017626
144,0.017656
4,0.005112
4,0.004955
144,0.014365
144,0.025969
4,0.005523
4,0.004787
144,0.013837
144,0.01697
4,6.47632
4,0.005534
144,0.016872
144,0.016809
4,0.005158
4,0.004861
144,0.034152
144,0.015328
4,0.007287
4,0.006317
144,0.018841
144,0.0183
4,0.004885
4,0.005174
144,0.014349
144,0.01451
4,0.004946
4,0.005387
144,0.014222
144,0.014429
4,0.005163
4,0.005609
144,0.014046
144,0.014321
4,0.005588
4,0.005109
144,0.013402
144,0.014064
4,0.005158
4,0.005234
144,0.016805
144,0.017693
4,0.017689
4,0.004739
144,0.01711
144,0.01403
4,0.005134
4,0.004785
4,0.005494
4,0.00912
4,0.005528
4,0.005144
4,0.004338
4,0.005333
4,0.005274
0,0.01365
4,0.010345
0,0.015023
4,0.027031
4,0.004859
0,0.011761
4,0.006507
4,0.00474
144,0.013946
4,0.006214
144,0.013469
4,0.006889
144,0.013911
4,0.005946
144,0.014691
144,0.01798
4,0.005943
4,0.006708
4,0.004812
4,0.030405
4,6.05912
4,0.088358
4,0.141532
4,0.006885
4,0.02227
4,0.013278
4,0.018648
4,3.75719
144,0.016723
4,0.029207
4,7.56076
144,0.017079
4,0.0652
4,3.91823
4,0.023964
144,0.014745
4,0.005201
4,0.005429
144,0.014182
0,0.011533
144,0.014101
4,0.004619
4,11.9267
4,0.079719
4,2.58732
4,4.3766
4,0.015955
4,1.14759
0,0.015148
4,0.076539
4,7.89373
4,0.004126
4,3.73749
4,0.039087
4,0.05879
4,0.456932
4,0.030817
4,0.248895
4,0.265756
0,0.015879
4,5.83447
4,0.004438
144,0.016836
4,7.46943
4,0.010218
4,0.018759
4,0.036898
4,2.6566
144,0.014288
4,0.019291
0,0.016799
4,0.010868
4,0.009645
144,0.01388
4,0.032732
4,3.76752
0,0.011394
4,0.07224
4,0.02399
144,0.013409
4,2.77222
4,0.022967
0,0.012261
4,0.005249
4,0.023028
144,0.013745
4,0.012171
4,3.85813
144,0.013609
4,0.010324
4,0.004956
144,0.013604
4,0.015139
4,0.011544
144,0.013703
4,0.009935
4,3.71815
144,0.013086
4,3.95163
4,3.34491
144,0.013832
4,3.69731
4,0.023724
144,0.013863
4,0.009888
4,0.012488
144,0.015909
4,0.096812
4,2.41624
144,0.017373
4,0.236541
4,0.025482
144,0.01646
4,0.00933
4,3.37294
144,0.014599
4,0.022458
4,0.010709
4,1.59089
4,0.046616
4,7.89211
4,3.93415
4,19.748
4,3.64358
144,0.017732
4,0.009874
4,0.007325
0,0.013565
4,0.017598
4,0.004656
4,2.21263
4,0.006444
4,0.00515
4,0.004666
4,0.005607
4,0.006115
4,0.060877
4,0.004469
4,6.36728
4,0.005813
144,0.014322
4,0.041937
4,0.004595
0,0.011825
4,0.046402
4,0.004808
4,11.7121
144,0.015122
4,0.05682
4,0.019336
0,0.015472
4,0.00475
4,0.047204
0,0.01172
4,0.00458
4,81.8019
0,0.012345
4,0.026112
4,0.104895
144,0.017094
4,0.240261
4,0.025168
4,0.004763
4,0.265509
4,0.00678
4,0.01444
4,0.004366
0,0.012505
4,0.026975
4,0.004242
144,0.013991
4,0.023046
4,0.004761
144,0.013637
4,0.016428
4,0.004918
4,0.015285
4,0.004496
4,3.72671
4,0.044131
144,0.013462
4,0.029504
4,0.045587
4,0.021404
4,11.6132
4,3.26968
4,0.004564
4,0.010015
4,0.044597
4,0.004947
4,11.2634
4,0.008834
4,0.055384
144,0.017048
4,0.006226
4,11.3208
144,0.013578
4,0.006373
4,0.004929
4,0.005965
4,0.004716
4,0.005363
4,0.004872
4,0.006148
4,0.005982
4,0.004386
144,0.01667
4,0.005684
4,0.059988
144,0.013611
4,0.004449
4,10.7887
4,0.004736
4,0.045165
4,0.004939
4,7.38309
4,0.005679
4,0.00721
4,0.006486
4,0.006267
4,0.005727
4,0.006077
144,0.016507
4,0.004914
4,0.005876
144,0.016241
4,0.005661
4,0.006242
144,0.03549
4,0.004277
4,0.005716
144,0.017453
4,0.048979
4,0.006069
144,0.014378
4,0.048207
4,0.005992
144,0.025536
4,11.8197
4,0.006733
4,0.128871
4,0.005637
4,0.004826
144,0.013676
4,0.004673
4,0.125165
144,0.016793
4,0.039767
4,0.005397
144,0.023176
4,0.048166
4,0.004993
144,0.017792
4,11.7707
4,0.004448
144,0.014039
4,0.183984
4,0.004329
144,0.013737
4,5.96853
4,0.016108
4,0.04018
4,0.006303
4,0.004534
4,0.00442
4,0.039736
4,0.04177
144,0.017751
4,0.006486
4,0.050307
144,0.016507
4,0.00496
4,10.7303
144,0.014104
4,0.005747
4,0.224828
144,0.013288
4,0.016668
4,6.53986
4,0.035129
4,0.007286
4,0.022602
144,0.017408
4,0.0052
4,0.057722
144,0.014653
4,0.041206
4,0.005437
144,0.013812
4,0.047311
4,0.005574
4,11.4115
4,0.004842
4,0.004664
4,0.00691
4,0.006299
4,0.00509
4,0.005422
4,0.005015
4,0.00519
4,0.005922
144,0.018529
0,0.012839
144,0.013969
0,0.011654
4,0.004934
4,0.005479
4,0.00619
144,0.014083
4,0.004777
4,0.00557
0,0.018295
4,0.004931
144,0.014893
4,0.006666
4,0.006587
4,0.005932
4,0.004466
4,0.006417
4,0.006715
4,0.005416
4,0.0232
144,0.017033
4,0.013698
144,0.013628
4,0.033361
4,3.7234
4,7.90797
4,3.87659
4,0.02311
4,3.42093
4,0.036315
4,0.009287
4,2.96717
4,0.023285
4,0.087288
4,0.004209
144,0.01804
144,0.016679
144,0.014326
4,0.005042
4,5.03523
144,0.017184
4,0.004998
4,0.044387
4,3.8888
4,0.014773
4,0.023489
4,7.8515
4,3.22431
4,0.159522
4,0.011772
144,0.015113
144,0.014331
4,0.135377
4,0.149143
4,0.455905
144,0.014026
144,0.01384
4,0.026461
4,0.055789
4,0.052257
144,0.01669
4,0.005786
4,15.9126
144,0.013326
4,0.005099
4,0.005335
144,0.013941
4,0.00528
144,0.014171
4,0.012801
144,0.014751
4,0.005971
144,0.014193
4,0.01665
144,0.017878
4,0.004816
4,0.005295
144,0.016251
144,0.017735
4,0.006352
4,0.024953
144,0.020344
144,0.017572
4,0.004728
4,0.030353
144,0.013536
144,0.017464
4,0.007597
4,0.00566
144,0.013655
144,0.017074
4,0.00474
4,0.005232
144,0.013925
144,0.017622
4,0.004968
4,0.004721
144,0.013929
144,0.036944
4,0.009002
4,0.007449
144,0.014267
144,0.014417
4,0.006989
4,0.005465
144,0.0145
4,0.00478
144,0.016511
4,0.005791
144,0.014312
144,0.017351
4,0.005044
4,0.005098
144,0.01671
144,0.017735
4,0.005426
4,0.005292
144,0.018969
4,0.005441
144,0.013878
4,0.005333
144,0.017145
144,0.023414
144,0.016877
4,0.005488
4,0.848255
4,0.010314
144,0.016776
4,0.281029
144,0.013371
144,0.016855
4,0.005573
144,0.014345
4,0.07704
4,0.024906
144,0.013724
144,0.013809
4,0.024351
144,0.0141
4,0.007464
4,0.006187
144,0.016839
144,0.018035
4,0.006101
144,0.017741
4,34.4918
