4,1.46241
4,8.08607
4,8.98705
4,7.6679
144,22.7024
144,0.09882
144,1.0111
4,1.01129
4,0.005882
4,0.00629
4,0.006349
4,0.005296
4,0.235236
4,0.015971
4,0.038274
144,0.049535
4,11.7883
4,0.005506
4,0.006277
4,18.8129
4,0.035815
4,0.005091
4,29.9082
144,7.4091
4,41.4328
4,0.005216
4,48.6548
4,55.8125
4,55.8286
4,55.8388
4,55.8497
4,55.8574
4,55.8283
144,17.6373
144,0.045878
144,0.062012
4,0.004763
4,0.005847
4,0.005357
144,0.019525
144,0.037646
144,0.046181
4,0.005226
4,0.005514
144,0.019164
4,0.005275
144,0.019792
4,0.005146
144,0.017323
4,0.005299
144,0.02146
4,0.004703
144,0.018831
4,0.005186
4,0.004778
144,0.016475
144,0.016371
4,0.005152
4,0.008046
4,31.2708
4,0.416196
4,52.0292
4,0.174822
144,0.467403
4,0.160253
4,0.122273
4,0.174852
4,15.4877
144,4.01516
4,3.58646
4,0.501319
4,0.030655
4,13.2106
4,1.85239
4,0.90073
4,0.006464
4,8.8392
4,35.5396
4,0.006459
4,0.539419
4,18.5261
144,35.4507
144,35.4106
4,0.233603
4,16.4833
4,42.9813
0,49.6809
0,49.6967
4,13.0905
4,13.0981
4,38.5605
4,23.929
0,0.017711
4,0.006236
0,0.130822
4,0.005983
4,0.006454
4,0.009172
4,0.005472
4,0.006171
4,0.00427
4,27.3033
4,15.5577
4,1.29377
4,0.005318
4,0.004905
4,0.004913
4,0.004961
4,0.004536
4,13.2162
0,57.3109
144,0.153882
0,0.089249
4,0.005198
4,0.005031
4,0.00511
4,0.005385
4,0.005134
4,0.004971
4,0.005169
4,0.006799
4,26.1381
4,0.004919
4,0.006367
4,0.008629
4,0.006935
4,0.006474
4,0.006105
4,0.005938
4,0.004559
4,0.005812
4,0.005142
144,0.063496
4,0.006099
144,10.4792
4,0.0062
4,0.069402
4,0.004996
4,0.032627
144,7.29887
4,0.006017
4,11.0402
144,18.1291
4,0.006244
4,0.132597
144,0.351293
4,0.032793
4,0.218523
4,0.005996
4,10.4392
4,0.006928
4,0.125591
4,0.004615
4,0.028378
4,0.004387
4,0.270196
4,0.004771
4,0.056313
4,0.038019
4,0.004538
4,9.14318
4,0.007282
4,6.43569
4,0.004472
4,5.72019
4,0.006876
4,0.00794
4,0.006013
4,0.007004
4,0.068778
4,0.005006
4,0.006093
4,0.055579
4,0.005011
4,10.769
4,0.005147
4,0.090721
4,0.005192
4,0.005065
4,6.92463
4,0.004925
4,0.007002
4,0.004351
4,0.006667
4,0.004614
4,0.079471
4,0.006431
4,0.055308
4,11.4477
4,0.005508
4,0.006831
144,22.738
4,0.004721
4,10.6645
4,0.004804
4,6.62501
4,0.005143
4,0.044418
144,13.7012
4,0.041148
4,10.7045
4,18.0472
4,0.00529
4,0.227774
144,28.6266
4,0.004936
4,0.035957
4,0.004594
4,0.006245
4,32.9651
4,0.004793
144,7.1209
4,0.006955
4,6.69169
4,20.2077
4,0.126828
144,0.07034
4,0.005014
4,0.005576
4,0.005805
4,0.005074
4,0.005452
4,0.005188
4,0.005461
4,0.005803
4,0.004597
0,0.136692
4,0.00594
144,0.062987
4,0.039751
4,0.045877
4,0.031956
4,0.004847
4,0.006205
4,0.211539
4,0.004869
4,0.004684
4,0.005036
4,0.004773
4,0.004882
4,0.08773
4,0.00472
4,0.007788
0,9.4774
0,19.3785
4,0.093989
0,0.084805
0,0.05881
4,0.004456
4,0.00546
4,0.005109
4,0.004409
4,0.004841
4,0.004862
4,0.059197
4,0.005005
4,0.004557
4,10.8704
4,0.005134
4,0.005976
4,0.161617
4,0.004396
4,0.005161
4,0.090963
4,0.00475
4,10.6935
4,0.004946
0,18.0438
4,0.004984
4,0.069953
144,0.066068
144,0.058924
4,0.004725
4,0.004597
4,0.00456
4,0.006055
4,0.200072
4,0.006565
4,0.005887
4,13.7702
4,0.005118
4,0.004835
4,0.062733
4,0.005445
4,0.00589
4,10.6383
4,0.004848
4,0.00471
144,0.363231
4,0.342453
144,0.296725
4,0.228987
4,0.005114
4,0.004987
4,0.00621
4,0.065179
4,0.005502
4,0.006062
4,11.7709
4,0.004611
4,0.005766
4,0.0046
4,0.031977
144,8.76167
4,0.004956
4,7.14169
4,9.64388
4,0.060064
4,0.119573
144,21.0007
4,11.2588
4,0.005465
4,0.114236
4,0.138099
4,0.053705
4,60.2914
4,0.004888
4,0.031246
4,0.004462
4,0.005067
4,0.004952
4,0.338922
4,0.005097
4,0.005412
4,0.00493
4,0.008357
4,0.025255
4,0.004841
4,0.004585
4,0.005209
4,0.005175
4,0.131262
4,7.24599
4,7.11272
4,0.006749
4,0.006407
4,0.004457
4,0.006158
4,0.005032
4,0.57111
144,0.139859
144,0.13611
4,0.101366
4,0.084444
4,0.004783
4,0.008678
4,0.004292
4,0.00571
4,0.005404
4,0.005145
4,0.005555
4,0.00558
4,0.006198
4,0.106498
4,0.005157
4,0.031578
144,8.18211
4,12.824
144,20.7501
4,0.121634
4,0.004543
4,0.098279
4,0.004512
4,0.005035
4,0.00535
4,0.00473
144,0.032777
4,0.004876
4,0.00609
4,0.005366
4,0.005408
4,0.046492
4,0.031435
4,0.19689
4,0.005387
4,7.64093
4,0.03962
4,0.004912
144,4.99981
4,0.007113
4,0.132836
144,6.71439
4,0.031566
4,7.14538
4,0.042169
4,0.005024
4,0.004876
4,0.00447
4,0.004528
144,0.142539
144,0.134119
4,0.005112
4,0.005742
4,0.004787
4,0.171786
4,0.152917
144,0.107563
4,0.080468
4,0.005164
4,0.004804
4,0.047763
4,0.037709
144,0.043549
4,0.005958
4,0.093718
144,0.100586
4,0.06891
4,0.005578
4,0.004966
4,0.33079
4,0.116391
4,0.101219
144,0.094834
144,0.086661
4,0.005335
4,0.005048
4,0.072412
4,8.8628
4,0.533517
4,0.004974
4,0.00505
4,67.5169
4,66.6827
4,0.004979
4,54.0351
144,0.722255
4,1.80269
4,0.005482
4,0.0057
4,0.044022
144,14.7446
4,14.7035
4,0.481907
4,0.005598
4,0.005416
4,1.93188
144,14.9478
144,14.9676
4,14.878
4,0.426534
4,0.199461
4,0.264215
4,0.026526
4,0.037675
4,0.029126
4,0.028848
4,0.032546
4,0.028264
4,0.027603
4,0.025231
4,0.025043
4,0.025107
4,0.252127
4,0.102217
4,0.032796
4,0.251744
4,0.028696
4,0.035192
4,0.024808
4,0.025264
4,0.028147
4,0.028153
4,0.025534
4,0.028417
4,0.02809
4,0.025375
4,0.025178
4,0.02835
4,0.028004
4,0.095779
4,0.028568
4,0.247714
4,0.103286
4,0.025312
4,0.102456
4,0.027924
4,0.036561
4,0.246069
4,0.098392
4,0.024775
4,0.04154
4,0.028245
4,0.25128
4,0.085143
4,0.028007
4,0.245484
4,0.097513
4,0.028136
4,0.244324
4,0.092147
4,0.250769
4,0.086717
4,0.027963
4,0.024746
4,0.251777
4,0.027511
4,0.02914
4,0.103957
4,0.028254
4,0.101464
4,0.035725
4,0.237274
4,0.095852
4,0.028556
4,0.004929
4,0.030391
4,0.028974
4,0.02544
4,0.094686
4,0.027873
4,0.098139
4,0.028413
4,0.025625
4,0.24855
4,0.028587
4,0.028151
4,0.253953
4,0.0048
4,0.022572
4,0.043473
4,0.029724
4,0.067141
4,0.00596
4,0.252007
4,0.094502
4,0.24576
4,0.085485
4,0.232662
4,0.084622
4,0.238737
4,0.083903
4,0.238528
4,0.080434
4,0.239987
4,0.084044
4,0.258709
4,0.005124
4,0.246895
4,0.085323
4,0.237921
4,0.083795
4,0.242119
4,0.089697
4,0.238489
4,0.089309
4,0.239684
4,0.099043
4,19.6985
4,0.050184
4,0.235883
4,0.029786
4,0.134675
4,44.2187
4,0.104388
144,0.071241
144,0.10282
4,0.101094
4,0.144644
4,0.030412
4,0.030668
4,0.030182
4,0.029165
4,0.028845
4,0.005275
4,0.005354
4,0.030574
4,0.111404
0,0.205601
144,0.304998
4,0.076178
4,0.03168
4,0.028782
4,0.040607
4,0.03814
4,0.13389
4,0.005183
4,0.005479
4,0.006315
4,4.12699
4,0.03839
0,0.103314
4,0.25147
4,0.145845
4,0.005083
4,0.004586
4,0.004296
4,2.25765
4,6.50101
4,0.028406
0,0.347378
144,0.39741
4,0.241183
4,0.026615
4,0.104723
4,0.234532
4,0.025862
4,0.098769
4,0.109775
4,0.004831
4,0.005138
4,0.004665
4,0.004732
4,0.004682
4,0.029075
4,0.132331
4,0.005214
4,0.004661
4,0.004484
4,0.005264
4,0.004998
4,0.00445
4,20.2382
4,0.004435
4,0.005404
4,0.006263
4,0.006152
4,0.004774
4,0.006473
4,0.004397
4,0.006014
4,0.004797
4,0.005154
4,0.00452
4,0.005135
0,64.3229
4,0.005115
144,70.2867
4,0.00581
0,41.8479
4,0.031362
144,49.2065
4,6.82733
4,14.1736
4,0.004695
4,0.15488
144,20.9667
4,0.006044
4,0.004778
4,19.8911
4,0.005877
4,0.027139
0,29.2209
4,0.004727
4,0.037585
4,0.221607
4,0.004796
4,10.9458
4,0.099584
4,0.071819
144,0.067212
4,1.69752
4,0.004873
4,0.004737
4,0.004724
4,0.004773
4,0.004713
4,0.021282
4,9.1477
4,7.2294
4,0.109232
4,0.077173
144,0.07252
4,0.00461
4,0.005923
4,0.00478
4,0.005062
4,0.004773
4,0.007351
4,0.07122
4,0.004339
4,0.004698
4,10.6485
4,0.006149
4,0.004895
4,0.004461
4,1.88691
4,0.057985
4,7.22318
4,0.102359
4,0.004527
4,0.005124
4,0.00539
4,0.005118
4,0.005188
4,0.005041
4,0.02553
4,0.005344
4,0.005171
4,0.025848
4,0.005226
4,0.005097
4,0.025223
144,19.0578
4,0.004952
4,12.7791
4,0.005389
4,0.054442
4,0.004675
4,0.005769
4,0.026119
4,18.2224
4,0.080793
4,0.119197
4,0.005036
4,7.5617
4,0.039867
144,15.4362
4,0.006968
4,0.005277
4,7.65401
144,13.9595
4,0.573465
4,0.49867
144,0.493681
4,0.005038
4,0.059382
4,0.034187
4,1.63024
4,0.005354
4,8.10738
4,6.81179
4,0.160261
144,0.141775
144,0.134936
4,0.08126
4,0.004695
4,0.059535
4,0.03475
4,0.004528
4,0.005266
4,0.005477
4,0.827228
4,0.569524
4,0.544229
144,0.062396
4,0.060774
4,0.040977
4,0.144122
4,0.004985
4,0.063585
4,7.66137
4,0.161439
4,0.715082
4,3.50074
4,0.005355
144,7.98383
4,14.614
4,7.87601
4,0.027301
4,1.09304
144,1.06079
144,1.02803
4,0.005529
4,0.005098
4,3.72432
4,1.40745
4,1.31631
144,0.788701
4,0.704143
4,0.481923
4,0.005173
4,3.70742
4,0.031892
4,7.70938
144,0.737076
4,0.685767
4,0.50686
4,0.005139
4,4.09134
4,7.20615
4,1.15669
144,1.23293
144,1.32012
4,0.433373
4,0.40908
4,0.004693
4,0.005493
4,8.383
4,66.4396
4,72.8445
4,6.91297
4,0.931968
144,0.900558
4,0.851799
4,0.005847
4,1.68388
4,65.8513
4,65.7591
4,0.178562
4,0.083567
4,1.93502
4,0.113696
4,1.18919
4,0.05955
4,0.611759
4,0.146633
4,0.0617
4,0.253589
4,0.344239
4,0.400784
4,1.74313
4,0.114101
4,0.999541
4,0.066433
4,2.87181
4,0.126955
4,0.059526
4,0.12293
4,0.05692
4,0.359181
4,1.81738
4,0.004082
4,3.21869
4,0.058469
4,0.29271
4,0.123365
4,0.062514
4,0.119514
4,0.061185
4,0.325368
4,0.137266
4,0.058856
4,0.923912
4,0.062652
4,6.79501
4,0.144521
4,0.101757
4,0.747962
144,1.34145
4,0.065283
4,0.574605
4,0.515198
4,0.066256
4,0.060702
4,5.8264
4,0.619254
4,1.95879
4,0.0346
4,0.290885
4,0.027036
4,0.273459
4,0.026536
4,0.029147
4,0.256944
4,0.004905
4,0.03089
0,12.0516
4,0.291239
4,0.120937
4,0.033503
4,6.8308
4,0.033221
4,0.150962
4,0.028419
4,0.116977
4,0.031236
4,6.87434
4,0.032117
4,0.060708
4,0.033126
4,6.73839
4,0.032509
4,0.044315
4,0.065913
4,1.41071
4,0.277126
4,0.04451
4,0.029345
4,0.026322
4,0.025413
4,0.028935
4,0.0257
4,0.025849
4,0.025545
4,0.264032
4,0.025979
4,0.025165
4,0.266096
4,0.02887
4,0.028477
4,0.255079
4,0.029018
4,0.259171
4,0.028504
4,0.028216
4,0.10691
4,0.028104
4,0.028451
4,0.028632
144,16.8144
4,0.113519
4,7.52895
4,0.030692
4,0.040387
4,14.3582
4,0.285
4,0.269108
0,18.049
4,0.045363
4,0.046548
4,11.1039
4,0.297249
4,0.274365
4,21.9485
4,0.032786
4,0.033911
4,0.033302
4,4.44968
4,0.25711
4,0.281542
4,0.160916
4,0.033413
4,0.03357
4,10.373
4,0.265147
4,0.265565
4,0.035944
4,0.032901
4,0.029646
4,0.117447
4,0.03186
4,0.289086
4,9.84103
4,0.279141
4,0.033365
4,3.52041
4,0.031752
4,0.270144
4,0.38702
4,0.27293
4,0.031639
4,10.1309
4,0.032189
4,0.271702
4,0.114801
4,0.274498
4,0.032931
4,11.5631
4,0.032916
4,0.281032
4,0.357015
4,0.028317
4,10.1648
4,0.281151
4,0.269249
4,7.25725
4,0.032599
4,0.031849
4,10.0757
4,0.034125
4,0.267234
0,20.4285
4,0.033799
4,0.03087
4,20.7416
4,0.031544
4,0.264788
4,10.8305
4,1.88686
4,0.03295
4,0.032274
4,0.040348
4,0.274983
4,21.3734
4,0.034356
4,0.032187
4,0.337228
4,0.282882
4,0.264894
4,10.2721
4,0.033453
4,0.032931
4,10.8429
4,0.27682
4,0.268175
4,10.5288
4,0.032348
4,0.031861
4,10.6836
4,0.271886
4,0.262336
4,10.8768
4,0.029835
4,0.046408
4,10.6419
4,0.277535
4,0.268599
4,14.4894
4,0.044798
4,0.033433
4,2.02076
4,0.265183
4,0.035225
4,0.045896
4,0.099815
4,0.249801
4,0.277043
4,6.41617
4,0.030993
4,0.032223
0,17.2462
4,0.263652
4,0.169655
4,0.248326
4,0.032631
4,6.68243
4,0.032044
4,0.272419
0,17.3626
4,0.259848
4,0.032447
4,3.11772
4,0.030601
4,0.272194
4,2.28269
4,0.257708
4,0.030897
4,10.1573
4,0.033811
4,0.266072
4,0.191811
4,0.268825
4,0.031117
4,10.3405
4,0.032772
4,0.274097
0,21.1339
4,0.266362
4,0.031778
4,1.47464
4,0.033866
4,0.004643
4,1.25893
4,0.264444
4,0.317296
4,11.1569
4,0.03291
4,0.006163
144,20.6131
4,0.262357
4,0.034715
4,0.032685
4,0.031825
4,0.259632
4,0.032114
4,0.032607
4,0.032688
4,0.028635
4,0.029939
4,0.029352
4,0.036904
4,0.027453
4,0.029492
4,0.025755
4,0.02815
4,0.034441
4,0.033954
4,0.028574
4,0.028292
4,0.031866
4,0.025134
4,0.028601
4,0.025698
4,0.04377
4,0.028669
4,0.027949
4,0.028416
4,0.028282
4,0.025316
4,0.02843
4,0.204202
4,0.03789
4,0.028718
4,0.025572
4,0.028142
4,0.028601
4,0.028543
4,0.027835
4,0.025194
4,0.028039
4,0.028463
4,0.025197
4,0.028087
4,0.028493
4,0.024882
4,0.028701
4,0.024128
4,0.025007
4,0.024731
4,0.024933
4,0.028393
4,0.025492
4,0.025309
4,0.028219
4,0.028561
4,0.03621
4,0.036521
4,0.038561
4,0.025846
4,0.02842
4,0.025111
4,0.028233
4,0.028452
4,0.027954
4,0.024593
4,0.028185
4,0.028164
4,0.025009
4,0.028218
4,0.028063
4,0.02839
4,0.028164
4,0.02799
4,0.028055
4,0.025212
4,0.028285
4,0.02791
4,0.027756
4,0.090124
4,0.03595
4,0.036448
4,0.02856
4,0.025592
4,0.028314
4,0.02846
4,0.028126
4,0.025103
4,0.027816
4,0.027842
4,0.199023
4,0.028195
4,0.028309
4,0.025488
4,0.088788
4,0.037239
4,0.028172
4,0.02482
4,0.025354
4,0.02837
4,0.028563
4,0.028275
4,0.027822
4,0.028301
4,0.025154
4,0.028251
4,0.024766
4,0.028294
4,0.027841
4,0.028341
4,0.024848
4,0.025838
4,0.027773
4,0.024844
4,0.028059
4,0.028201
4,0.024814
4,0.036902
4,0.033344
4,0.028045
4,0.027893
4,0.236839
4,0.025144
4,0.024959
4,0.028617
4,0.02505
4,0.028067
4,0.027773
4,0.027988
4,0.02845
4,0.028034
4,0.03311
4,0.03674
4,0.025698
4,0.028471
4,0.024893
4,0.028027
4,0.028746
4,0.028149
4,0.028189
4,0.025284
4,0.028225
4,0.024863
4,0.027931
4,0.028018
4,0.024854
4,0.028004
4,0.237486
4,0.028679
4,0.028207
4,0.028203
4,0.027882
4,0.025106
4,0.028096
4,0.0251
4,0.028084
4,0.024944
4,0.025043
4,0.025371
4,0.027799
4,0.027909
4,0.024945
4,0.025273
4,0.028238
4,0.024631
4,0.027883
4,0.02773
4,0.09325
4,0.03659
4,0.036631
4,0.028181
4,0.025264
4,0.025021
4,0.028474
4,0.025171
4,0.028698
4,0.025644
4,0.028091
4,0.025418
4,0.025197
4,0.027979
4,0.024744
4,0.028418
4,0.02478
4,0.028673
4,0.024959
4,0.025402
4,0.024828
4,0.024911
4,0.024893
4,0.247101
4,0.028959
4,0.028607
4,0.028305
4,0.028055
4,0.024856
4,0.024864
4,0.027894
4,0.028042
4,0.02801
4,0.028168
4,0.028583
4,0.006391
4,0.029487
4,0.097095
4,0.03456
4,0.033191
4,0.028459
4,0.025224
4,0.02869
4,0.028167
4,0.028594
4,0.025108
4,0.028678
4,0.028128
4,0.005189
4,0.030574
4,0.029324
4,0.025248
4,0.025378
4,0.025611
4,0.028825
4,0.027775
4,0.212956
4,0.025685
4,0.027945
4,0.025029
4,0.024738
4,0.024638
4,0.02531
4,0.025213
4,0.0279
4,0.028768
4,0.024651
4,0.024525
4,0.028034
4,0.02829
4,0.024918
4,0.028421
4,0.024854
4,0.094227
4,0.034614
4,0.037677
4,0.027842
4,0.027891
4,0.286296
4,0.028517
4,0.028142
4,0.024911
4,0.093387
4,0.072809
4,0.418586
4,0.070409
4,0.071516
4,0.428779
4,0.075003
4,0.079714
4,0.423094
4,0.073357
4,0.079805
4,0.429511
4,0.074112
4,0.079202
4,0.426173
4,0.073355
4,0.070994
4,0.425689
4,0.070191
4,0.071111
4,0.425362
4,0.081693
4,0.074939
4,0.429471
4,0.107816
4,0.096105
4,0.005553
4,273.902
4,339.889
4,4.56208
4,0.004621
0,2.59526
4,1.04795
4,0.009392
4,0.39223
4,0.006607
4,7.42628
4,0.005993
4,0.006432
4,0.004453
4,0.005781
4,8.30412
4,0.00452
4,0.006327
4,0.004662
4,2.29106
4,8.78449
4,1.18403
4,1.33953
4,0.005384
0,2.72982
4,0.006073
4,9.10715
4,14.0798
4,13.4964
4,0.059261
4,0.912904
4,0.860487
4,0.566555
4,0.008211
4,13.0747
4,0.005603
4,0.04708
4,6.91531
4,0.140928
4,1.62339
4,1.91137
144,2.00446
4,0.200426
4,0.005323
4,0.016149
4,0.004821
4,0.004885
4,0.172416
4,0.005609
4,0.004689
4,0.005123
4,0.005525
4,0.005064
4,3.67286
4,0.00576
4,0.006081
4,0.0054
4,0.005818
4,0.004972
4,0.005313
4,0.004999
4,0.00539
4,0.014078
4,0.005208
4,0.005314
4,0.005546
4,0.005206
4,0.005028
4,0.005276
4,0.005233
4,0.004607
4,0.0056
4,0.00514
4,0.005205
4,0.005255
4,0.005388
4,0.005056
4,0.005253
4,0.004738
4,0.005641
4,0.0052
4,0.005496
4,0.004673
4,0.005488
4,0.005049
4,0.00527
4,0.004817
4,0.005225
4,0.005009
4,0.005241
4,0.005237
4,0.005194
4,0.005192
4,0.005205
4,0.005103
4,0.004751
4,0.00497
4,0.005122
4,0.005292
4,0.005146
4,0.005269
4,0.005229
4,0.004734
4,0.00563
4,0.005222
4,0.005657
4,0.004865
4,0.005191
4,0.00487
4,0.013434
4,0.005079
4,0.005207
4,0.004926
4,0.005562
4,0.004846
4,0.005049
4,0.005324
4,0.005673
4,0.005104
4,0.005503
4,0.004958
4,0.005546
4,0.005167
4,0.004559
4,0.004917
4,0.005722
4,0.005002
4,0.005233
4,0.005172
4,0.013028
4,0.005264
4,0.004931
4,0.004723
4,0.005545
4,0.004897
4,0.005621
4,0.005275
4,0.005376
4,0.005349
4,0.005036
4,0.004886
4,0.005122
4,0.004813
4,0.005492
4,0.004825
4,0.005225
4,0.004976
4,0.005234
4,0.005018
4,0.00562
4,0.005504
4,0.005255
4,0.005108
4,0.004243
4,0.004513
4,0.004753
4,0.328613
4,0.096524
4,0.299093
4,0.036927
4,0.275551
4,0.025463
4,0.028782
4,0.025053
4,0.028446
4,0.247952
4,0.028488
4,0.028619
4,0.028158
4,0.028255
4,0.028403
4,0.028386
4,0.09298
4,0.036243
4,0.033511
4,0.028781
4,0.025328
4,0.028822
4,0.028041
4,0.032701
4,0.028943
4,0.027968
4,0.028049
4,0.024944
4,0.028012
4,0.028542
4,0.028239
4,0.025133
4,0.028445
4,0.025626
4,0.028236
4,0.205875
4,0.029643
4,0.028197
4,0.025293
4,0.028153
4,0.028144
4,0.028149
4,0.028168
4,0.028368
4,0.025503
4,0.025359
4,0.028443
4,0.028546
4,0.028698
4,0.028963
4,0.025299
4,0.025323
4,0.028602
4,0.037046
4,0.279543
4,0.028604
4,0.028184
4,0.028283
4,0.028563
4,0.028135
4,0.028403
4,0.024884
4,0.028378
4,0.028612
4,0.02855
4,0.028353
4,0.025045
4,0.037016
4,0.036721
4,0.028458
4,0.025688
4,0.025414
4,0.025391
4,0.028914
4,0.02841
4,0.030894
4,0.025521
4,0.025241
4,0.028524
4,0.028534
4,0.028396
4,0.028468
4,0.028063
4,0.025123
4,0.025381
4,0.028377
4,0.028197
4,0.028086
4,0.028486
4,0.025306
4,0.040962
4,0.037324
4,0.028063
4,0.0048
4,0.00507
4,0.029979
4,0.029305
4,0.028844
4,0.028347
4,0.025218
4,0.219706
4,0.028335
4,0.028108
4,0.028652
4,0.028325
4,0.036302
4,0.258772
4,0.029722
4,0.028177
4,0.027998
4,0.025001
4,0.024728
4,0.025114
4,0.027694
4,0.025039
4,0.028056
4,0.027979
4,0.024937
4,0.027727
4,0.033874
4,0.032811
4,0.028111
4,0.028041
4,0.027918
4,0.02784
4,0.027892
4,0.024621
4,0.028365
4,0.027998
4,0.024418
4,0.024606
4,0.024628
4,0.028064
4,0.02791
4,0.028941
4,0.024582
4,0.024359
4,0.024918
4,0.027648
4,0.027778
4,0.024945
4,0.027734
4,0.188587
4,0.032711
4,0.126391
4,0.027987
4,0.223061
4,0.137667
4,0.252061
4,0.027942
4,0.174649
4,0.093646
4,0.069627
4,0.419896
4,0.005261
4,0.005401
4,0.005468
4,0.005671
4,0.00523
4,0.005321
4,0.005623
4,0.005071
4,0.005034
4,0.005383
4,0.005218
4,0.005346
4,0.005337
4,0.005405
4,0.005166
4,0.005362
4,0.005121
4,0.005023
4,0.005074
4,0.005378
4,0.005095
4,0.005187
4,0.005252
4,0.005025
4,0.004838
4,0.004923
4,0.01385
4,0.005464
4,263.834
4,311.431
4,0.005761
4,0.005722
4,15.5855
4,22.6308
0,22.5981
4,1.32128
4,1.0171
0,2.10194
4,2.033
4,0.006813
4,0.006838
4,0.005312
4,14.7985
4,0.084301
4,0.00472
4,0.027569
4,0.004805
4,0.004509
4,0.004464
4,0.004824
4,0.108491
4,0.00531
4,0.005262
4,0.105959
4,0.004999
4,0.004604
4,0.005218
4,0.004963
4,7.87555
4,0.005694
4,0.005795
4,0.005793
4,0.026161
4,0.005326
4,0.026984
144,34.2877
4,0.004885
4,0.153615
4,0.207408
4,0.243163
4,1.2654
4,0.055386
4,0.050519
4,0.142685
4,4.99757
4,0.624795
4,0.133705
4,0.965246
4,2.97593
4,1.82575
4,0.24867
4,2.51176
4,0.677672
4,0.059349
4,13.844
4,0.004404
4,0.093536
4,0.073993
4,4.00721
144,0.292383
4,0.271885
4,0.005986
4,1.77853
4,8.14295
4,0.038523
4,0.045724
4,3.7511
4,6.81273
0,0.111069
4,0.08361
4,2.31139
4,0.057503
4,0.005317
4,0.005523
4,2.1283
4,0.006099
4,0.006571
4,0.004511
4,0.005928
4,0.005117
4,0.005502
4,0.00489
4,0.004624
4,0.004522
4,5.59614
4,0.048215
4,0.005114
4,0.004693
4,5.44748
4,0.004687
4,0.045909
4,0.004629
4,7.2575
4,2.53096
4,0.005263
4,4.04523
4,0.131003
4,0.287808
4,0.779501
4,0.074698
4,0.165184
4,0.057474
4,0.031307
4,0.446551
4,0.495838
4,0.42663
4,0.445874
4,0.43099
4,0.427309
4,0.414803
4,0.995261
4,1.00322
4,0.835387
4,0.406171
4,1.43598
4,0.162258
4,0.570896
4,0.0463
4,0.371866
4,0.449484
4,0.409906
4,0.837385
4,0.195613
4,0.091169
4,0.361684
4,0.050965
4,1.24971
4,0.046917
4,0.25009
4,0.959751
4,0.046652
4,0.383974
4,0.397665
4,0.269523
4,41.9283
4,0.00713
4,37.8849
4,0.022699
4,0.01666
144,7.25662
4,0.006586
4,18.5864
4,2.08536
4,0.250031
4,0.004828
4,0.043641
4,7.19815
4,17.1038
0,17.4246
144,17.4185
4,0.004806
4,0.141492
4,0.297454
4,0.037837
4,10.8562
4,7.39606
4,0.03394
4,17.5862
4,0.055943
0,28.2723
4,0.00745
4,0.005984
4,0.005386
4,0.005394
4,0.005087
4,0.004875
4,0.005078
4,0.004685
4,0.004958
4,0.005067
4,0.005149
4,0.00477
4,0.005051
4,0.005404
4,0.005273
4,0.18362
4,0.110218
4,5.86288
4,0.051702
4,13.393
4,0.034776
144,20.9467
4,0.031839
144,28.102
4,0.099415
4,0.005644
4,0.031712
4,0.217895
4,0.091328
4,0.029049
4,0.094332
4,0.029337
4,0.041843
4,0.02878
4,0.028216
4,0.057939
4,0.025835
4,0.029502
4,0.005799
4,0.005309
4,0.031819
4,18.7218
4,25.855
144,26.0617
4,0.241085
4,0.223189
4,5.33723
4,10.9405
4,0.112072
4,16.5653
4,0.005057
144,0.186509
4,0.005797
4,0.004857
4,0.649178
4,0.004882
4,7.68169
144,16.2661
144,16.2743
4,8.86587
4,8.85245
4,1.80047
4,12.1469
4,12.1507
4,11.2691
4,11.2625
4,0.148758
4,0.103451
4,0.093369
4,0.101867
4,0.083134
4,0.066964
4,0.095267
4,0.082718
4,0.057871
4,0.046457
4,0.032295
4,0.073539
4,0.038473
4,0.054854
4,0.035623
4,0.052777
4,0.031447
4,0.056635
4,0.031979
4,0.192928
4,0.169888
4,0.136831
4,14.5256
4,0.048476
4,3.97023
4,0.078319
4,0.005528
4,0.014873
4,0.057208
4,0.312378
4,0.059634
4,0.035306
4,1.43532
4,0.157857
4,0.079678
4,0.424406
4,0.005566
4,0.272322
4,0.14516
4,0.163945
144,0.218109
0,0.207539
4,0.005641
4,0.005592
4,4.21188
4,0.297127
4,0.005395
4,0.080163
4,0.035287
4,11.3092
4,0.289554
144,18.6066
4,0.033691
4,1.20402
4,0.041799
4,0.319236
4,0.03085
4,0.028947
4,0.158095
4,0.033038
4,0.026006
4,0.037144
4,12.2192
4,9.09599
4,0.139729
4,0.00718
4,0.005685
4,0.544089
144,11.8605
144,11.7939
4,0.014231
4,0.006507
4,0.005265
4,0.00553
144,10.2052
4,7.27563
4,0.888305
4,0.004842
4,0.004817
4,0.004672
4,0.004287
4,0.005316
4,0.063766
4,0.005148
144,13.6611
4,10.7772
4,10.7717
144,10.768
4,0.206077
4,0.255918
144,0.183019
4,0.005815
4,0.055416
4,0.512475
4,0.631863
4,0.621755
4,2.29268
4,0.962818
4,0.374337
4,0.074026
4,0.02968
4,0.006739
4,0.181582
4,8.13028
4,0.103503
4,0.365068
4,6.89852
4,0.155
4,0.165753
144,0.190003
4,0.068274
4,0.179421
4,0.747137
4,0.117454
4,0.029502
4,0.045878
4,0.005235
4,3.90909
4,0.580175
4,0.310773
4,0.707547
4,37.5427
4,0.005223
144,7.57758
4,6.99049
4,7.00307
4,0.121894
4,2.3702
4,13.0476
4,1.70062
4,0.098328
4,0.043118
4,0.071405
4,15.9371
4,0.006575
4,3.94197
4,0.006669
4,0.005188
4,0.171183
4,0.034819
4,10.4578
4,11.0342
4,18.0433
4,0.042454
144,25.7293
4,0.005049
144,32.9885
4,0.006393
4,0.005334
4,15.5953
4,0.032008
4,10.5813
4,10.6897
4,17.2572
4,0.189417
144,24.9859
4,0.004634
144,31.9518
4,0.027293
4,0.006264
4,0.004984
4,0.005626
4,0.005632
4,0.005091
4,31.1821
4,8.77389
4,42.5793
4,0.005578
4,41.8043
4,19.6816
144,19.646
4,6.68351
4,0.295519
4,0.005308
4,0.005367
4,6.1073
4,13.8957
4,13.8647
144,14.3487
144,14.2792
4,0.00527
4,12.3224
4,18.9133
4,18.3423
144,18.6217
4,0.272776
4,0.005487
4,4.36444
4,10.9285
4,10.7891
4,4.06536
4,0.004829
4,0.005554
144,39.3748
144,14.5053
144,14.5173
4,0.674033
4,0.005285
4,17.1185
144,33.0988
4,0.325554
4,0.005999
4,12.848
4,19.748
4,19.7467
4,19.7329
144,27.1625
4,7.46708
144,0.30272
144,0.294075
4,0.269136
4,0.005247
4,0.005483
4,8.05909
4,14.4707
4,14.4593
4,14.4179
4,1.47112
4,0.005475
4,5.32302
4,20.7661
4,19.7826
144,21.5082
4,0.305232
4,12.1626
4,12.0503
4,0.005191
4,6.07497
4,7.07844
144,13.2236
4,0.282493
4,0.00543
4,0.005641
4,13.9743
4,20.6005
4,20.5995
144,20.987
144,20.9805
4,0.643132
4,0.00561
4,5.04579
4,11.0213
144,22.9132
4,2.97592
4,2.55129
4,2.22471
144,1.82549
4,0.062352
4,0.004984
4,0.259307
4,8.16154
4,8.17105
4,0.1771
4,0.005131
4,0.733864
4,11.1701
4,17.8887
144,18.0759
144,18.0627
4,0.68319
4,0.004752
4,39.1188
144,52.8778
4,0.324331
4,0.290174
144,0.277661
4,0.050536
4,0.039249
4,0.005438
4,0.005559
4,0.577161
4,0.005415
4,10.7096
4,0.005211
144,21.7328
4,0.236378
4,0.00569
4,7.69231
4,0.00559
144,20.4746
4,12.9011
4,12.8835
144,19.4547
4,1.05841
4,0.00502
4,0.005083
144,14.5391
4,17.3872
4,14.1678
144,14.1632
144,0.809343
4,0.634282
4,0.616473
4,0.004859
4,6.27477
4,0.083486
4,1.27314
4,0.005029
4,0.005714
144,16.3662
4,0.005579
4,43.5425
144,56.4213
4,0.168344
4,0.209982
144,0.235713
144,0.202046
4,0.005457
4,0.005498
4,2.60938
4,0.369453
4,0.405401
4,0.382697
144,1.50934
4,0.005756
4,9.73872
4,21.6728
4,0.34138
4,0.378938
144,0.225198
4,0.005731
4,9.99619
4,0.112851
4,0.268469
144,0.392151
144,0.386482
4,0.005428
4,0.005079
4,2.94851
4,0.005195
4,1.00817
4,0.005738
4,7.43308
144,20.4442
4,7.61913
4,7.58191
4,0.005102
4,7.53697
4,52.7088
4,0.0052
144,98.1413
4,0.005498
4,0.005579
4,3.99977
144,14.8466
144,14.8515
4,0.171419
4,0.199506
144,0.181086
4,0.005163
4,0.050728
4,0.00525
4,3.98454
4,0.22156
4,1.16406
4,4.32564
4,0.006423
144,6.09352
4,6.90064
4,0.214673
4,0.005808
4,0.005559
4,2.2014
144,14.0563
144,13.9268
4,0.346006
4,0.005273
4,4.17084
4,13.1275
144,19.0351
4,0.005297
4,0.005498
4,0.005422
144,42.8871
4,10.4644
144,10.4865
144,10.4801
4,0.457763
4,0.005207
144,19.1499
4,0.005734
4,13.0701
144,19.0319
4,0.005286
4,0.005332
4,4.26475
144,14.3409
144,14.3616
144,0.246387
4,0.08315
4,0.005202
4,0.005558
144,5.30604
4,0.083435
4,0.005686
4,0.004828
4,0.005391
144,30.1541
144,36.9792
4,0.005486
144,30.6767
144,23.5847
4,10.3785
144,0.188268
144,0.173043
4,0.113951
4,0.005983
4,0.005618
4,35.7084
4,0.121023
4,0.005076
144,21.9533
4,0.005597
4,0.005445
4,12.4171
144,22.0155
144,22.0302
4,0.004644
4,0.005408
144,36.8335
4,0.472486
4,0.005494
4,0.005344
4,0.00583
144,25.1539
144,13.4661
144,13.4501
144,0.102047
4,0.067283
4,0.005634
4,0.006909
4,0.00566
4,0.004967
4,7.03655
144,13.7887
144,13.8366
4,0.005527
4,0.00535
4,15.2979
144,29.9098
144,29.9248
4,15.4445
4,0.005461
4,0.005703
4,0.005155
144,16.7211
144,24.6622
4,0.005192
4,0.005519
144,2.84743
4,17.7691
144,20.3106
4,0.089179
144,0.018384
4,0.00513
144,0.013076
4,0.005632
144,0.016986
4,0.005586
4,0.005482
4,0.004954
0,4.56638
4,0.004857
4,0.006095
4,0.005007
0,3.95687
0,0.018123
144,0.543144
4,0.006122
4,0.005624
4,0.00722
4,0.006187
4,0.004542
4,0.005385
4,0.005376
4,0.005134
4,0.005431
4,0.00601
144,0.017185
144,0.024491
4,0.005062
4,0.004559
4,0.005944
4,0.096735
4,0.00422
4,0.005378
4,0.004772
4,0.00532
4,0.014184
144,0.013258
144,0.045156
4,0.005494
4,0.005411
4,0.00458
4,0.005499
144,0.016436
4,7.93824
4,20.5555
4,0.007123
4,0.0047
4,0.006269
4,0.005709
4,0.005451
4,0.004701
4,0.005961
4,0.005526
4,0.005319
144,0.070981
4,0.005146
4,0.005219
144,7.22713
4,0.005115
144,0.041221
4,0.005203
4,0.004774
144,6.61582
4,0.046331
4,7.33091
144,0.047849
4,0.005509
4,0.004997
144,0.015095
144,0.012693
4,0.015272
4,0.006856
144,0.012641
144,0.012607
4,0.006106
4,0.005177
144,0.012861
144,0.017154
4,0.005356
144,0.013233
4,0.005524
144,0.012499
4,0.005058
0,0.01124
4,0.005002
4,0.006513
4,0.005095
0,0.015996
4,0.004565
144,0.013016
4,0.005003
4,0.005133
144,0.013437
4,0.005246
4,0.006165
4,0.006189
4,0.004917
4,0.004303
4,0.005687
4,0.00521
4,0.005591
0,0.014922
144,0.013268
4,0.004739
4,0.005852
4,0.005233
4,0.004712
4,0.004343
144,0.015672
4,0.006066
4,0.004644
144,0.017478
4,0.010081
144,0.039035
4,0.005348
4,0.004578
144,6.19419
4,0.063998
4,6.39719
4,0.004486
4,0.007338
4,0.004403
4,0.004663
4,0.005003
4,0.009409
4,0.004935
4,0.00524
144,0.016339
4,0.005477
4,0.005386
144,0.038529
4,0.031621
144,12.1656
4,12.4531
144,0.013229
4,0.005647
4,0.004759
4,0.04642
4,0.004722
4,0.025967
4,0.032956
4,0.004936
144,0.013087
4,0.045377
144,0.015565
4,0.03263
4,7.15456
4,0.224315
144,0.013067
4,0.005187
4,0.005407
144,0.012634
144,0.038265
144,0.03707
4,0.005475
4,0.005237
144,0.017298
144,0.01685
4,0.007952
4,0.005086
144,0.015899
4,0.005164
4,0.005622
144,0.015589
144,0.013041
4,0.005394
144,0.012436
4,0.005242
4,0.005136
144,0.015545
144,0.016106
4,0.005687
4,0.005657
144,0.016739
4,0.005622
144,5.61381
144,0.021846
4,0.005197
144,0.012714
4,0.004973
144,0.012747
4,0.005962
144,0.012877
4,0.005164
144,0.0181
4,0.005686
144,0.016067
4,0.00546
144,0.013772
4,0.005164
144,0.018307
4,0.005525
144,0.0175
4,0.005484
144,0.016193
4,0.005228
4,0.005416
144,0.012825
144,0.187198
4,0.005523
144,0.017627
4,0.00554
144,0.013115
4,0.005245
144,0.01314
4,0.005842
144,0.012897
4,0.005791
144,0.017211
4,0.005693
4,0.004993
144,0.015945
144,0.038727
144,0.03825
4,0.005555
4,0.004923
144,0.01759
4,0.005174
144,0.016132
4,0.005168
144,0.01304
4,0.005913
144,0.012839
4,0.005786
144,0.017861
4,0.00482
144,0.016075
4,0.005391
144,0.016111
4,0.006319
144,0.020508
4,0.005254
144,0.016993
4,0.005631
144,0.016053
4,0.00466
144,0.018675
4,0.005131
4,0.005427
144,0.012775
144,0.013635
4,0.005669
144,0.012232
4,0.005345
0,0.018765
4,0.00539
4,0.005294
144,0.012615
4,0.00547
4,0.005165
4,0.004909
4,0.005568
4,0.005703
4,0.005399
144,0.052181
4,0.005258
0,5.9763
0,0.038763
144,0.037008
4,0.005583
4,0.004929
4,0.005229
4,0.004916
4,0.005
4,0.005122
4,0.004707
4,0.004884
4,0.005144
144,0.012891
144,0.037132
144,0.041772
4,0.005747
4,0.005857
4,0.004771
144,0.012252
4,0.048908
4,0.005559
144,0.012729
4,7.10916
4,0.082673
4,0.004617
4,0.004644
4,0.00543
4,0.013646
4,0.025633
4,0.004462
4,9.48645
4,0.007494
4,0.005182
4,0.004988
4,0.005553
4,0.00583
144,0.01561
4,0.005384
144,0.013329
4,0.005038
4,0.005363
0,0.014461
4,0.040269
4,0.006269
144,0.013197
4,0.031765
4,0.004883
0,0.011426
4,9.33266
4,0.006365
4,0.154039
4,0.006488
4,0.005083
4,0.005545
4,0.005403
4,0.004868
4,0.004613
0,0.014835
4,5.73166
4,0.004958
144,0.013169
4,0.007069
4,0.007087
144,0.016075
4,0.005059
4,0.006368
4,0.058823
4,0.006073
4,6.64859
4,0.005908
144,0.016713
4,0.005993
0,0.038092
4,0.005407
4,0.004637
144,6.56934
4,0.004927
4,0.04759
0,0.011004
4,0.03794
4,10.1293
4,0.006376
4,0.05595
4,0.006817
4,0.004782
4,0.005707
4,0.0055
4,0.005645
4,0.005358
4,0.005608
4,0.005972
0,0.014403
4,0.070647
4,0.00528
144,0.013047
4,0.006961
4,0.006868
4,0.006491
4,0.004933
4,0.004817
4,0.005141
4,0.029378
4,0.006282
4,0.026426
144,0.016145
4,0.006121
4,0.064223
144,0.01265
4,0.004592
4,0.034385
144,0.015613
4,0.004791
4,0.097085
4,0.004661
144,0.012562
4,10.6394
4,0.04533
4,0.108632
4,11.0568
4,0.133171
4,9.13577
4,0.007629
4,0.005356
4,0.004452
4,0.441439
4,0.005333
4,0.004493
144,0.01314
4,6.08104
144,0.015596
4,0.004939
4,0.095571
4,0.040789
4,9.97037
4,0.004688
4,0.068773
4,0.00502
4,0.031885
4,0.025037
144,0.017327
4,0.030466
4,0.005134
4,0.033171
4,0.004849
4,0.005305
4,0.064711
0,0.07189
4,0.032086
4,0.036903
4,0.106089
4,6.90998
4,0.037087
4,0.027861
4,0.2969
4,0.005855
4,0.107076
0,0.014158
0,0.011434
4,0.186885
4,0.004863
144,0.012972
4,0.004792
4,0.032303
144,0.015783
4,0.040219
4,0.028203
4,0.007548
4,0.041321
144,0.01345
144,0.012871
4,0.005315
144,0.01584
4,0.006023
4,0.045543
4,0.293279
4,0.031899
4,0.028371
4,0.027182
4,0.028966
4,0.028747
144,0.013407
144,0.012623
4,0.170757
4,0.27249
4,0.454433
4,0.341923
4,0.029974
4,0.344351
144,0.012586
4,0.089375
4,0.952772
144,0.013065
4,0.00569
4,9.51965
4,0.004854
0,0.011188
4,0.150159
4,0.006472
4,0.034693
4,0.006205
0,0.014555
4,0.034546
4,0.006361
4,0.005927
4,0.005274
144,0.012398
4,0.028672
4,0.004483
0,0.014274
4,0.066766
4,0.005796
144,0.013331
4,0.079931
4,0.005726
4,10.3194
4,0.044701
4,0.204077
4,0.51813
4,0.049462
4,0.764033
4,0.653729
144,0.01608
4,0.023897
4,0.067707
4,1.07624
4,0.803411
144,0.012967
4,6.12977
4,0.005169
144,0.012961
4,0.006594
4,0.006036
4,0.003965
4,0.174267
4,0.005105
4,0.005197
4,0.00527
4,0.005589
4,0.004906
4,0.005153
4,0.004946
4,0.005088
144,0.012574
4,0.005255
144,0.012483
4,0.032337
4,7.02812
4,0.150797
144,0.020606
4,0.005739
4,0.007053
144,0.015747
4,0.006307
4,0.005842
4,0.00808
4,0.004335
4,0.005769
4,0.005036
4,0.005563
4,2.03574
4,0.03371
144,0.012569
4,0.005029
144,0.038908
4,0.005222
4,0.031871
144,6.75294
4,10.4575
4,0.044818
4,0.004956
4,0.005938
144,0.012883
4,0.005901
4,0.00559
144,0.01249
0,0.038357
144,0.037296
4,0.005672
4,0.005521
4,0.004606
4,0.005004
4,0.021058
4,0.004861
0,0.036473
4,0.005247
144,6.63828
0,0.038007
144,0.046187
4,0.005239
4,0.004936
4,0.006518
4,0.006691
4,0.005172
4,0.015401
4,0.004841
4,0.005446
4,0.005093
144,0.012806
144,0.015889
4,0.004346
4,0.005979
4,0.005841
4,0.005565
4,0.005593
4,0.004373
4,0.005397
4,0.005241
4,0.004809
144,0.012248
4,0.005631
4,0.00671
144,0.017495
4,0.031668
4,0.005196
144,0.016169
4,10.4275
4,0.156986
4,0.005824
4,0.005267
4,0.015003
4,0.005131
4,0.026334
4,0.024635
4,0.07153
144,0.086517
4,0.005707
4,0.00727
4,0.007328
4,0.006047
4,0.005202
4,0.004744
144,0.013371
4,0.00478
4,0.792869
144,0.012838
4,0.004968
144,0.015174
4,0.00499
4,0.004698
144,0.01667
144,0.065875
4,0.005089
4,0.005426
144,0.01804
144,0.037913
144,0.036737
4,0.004762
4,0.005492
4,0.005738
144,0.012753
144,0.013195
144,0.015722
4,0.005406
4,0.004868
144,0.012513
4,0.00482
4,0.005695
144,0.022912
144,0.018752
4,0.005197
4,0.004905
144,0.012701
4,0.00523
144,6.1492
144,0.037076
144,0.036697
4,0.005201
4,0.005465
4,0.005083
144,0.015955
144,0.013007
4,0.005449
4,0.00527
144,0.015527
144,0.469024
4,0.00514
4,0.005367
144,0.012586
4,0.005254
144,5.71472
144,0.041673
144,0.035965
4,0.005551
4,0.005607
4,0.014517
144,0.015931
144,0.018157
4,0.005403
144,0.012447
4,0.004978
4,0.005134
144,0.012926
144,1.14877
4,0.005478
4,0.005272
144,0.016346
144,0.037618
144,0.037099
4,0.005249
4,0.004983
4,0.016968
144,0.012558
144,0.013395
144,0.012625
4,0.005505
4,0.005043
144,0.015557
4,0.005091
4,0.004976
144,0.013845
144,0.013544
4,0.005489
144,0.012518
4,0.005386
4,0.00513
144,0.012704
144,0.190405
4,0.005224
4,0.00518
144,0.016243
144,0.038086
144,0.03787
4,0.005251
4,0.005771
4,0.005392
144,10.9962
144,0.012971
4,0.005171
4,0.005298
144,0.015466
144,0.016002
4,0.005144
4,0.005514
144,0.015593
144,0.012824
4,0.00597
4,0.005159
144,0.015718
144,0.015686
4,0.00619
4,0.016675
144,0.015292
144,0.015616
4,0.044246
144,0.016504
4,11.9675
