4,0.008813
4,0.275738
4,13.3093
4,13.2836
22170,8.73169
4,10.8291
22170,7.3294
4,7.3608
4,32.6193
4,41.6575
4,41.6676
4,10.1959
4,16.4709
4,16.48
4,16.4796
4,16.4785
4,1.11528
4,5.73321
4,14.1122
4,14.1007
4,14.0728
4,14.0343
4,0.237558
4,11.228
4,11.3017
4,11.3121
4,11.3199
4,11.3002
4,11.3074
4,11.3146
4,11.3208
4,11.3271
4,11.3347
4,11.3423
3462,13.5228
3462,0.117162
4,0.223208
4,8.53428
4,8.60482
4,8.63799
4,8.66559
4,8.69215
4,8.71912
4,8.75018
4,8.77644
4,8.80194
4,8.82746
4,8.84827
4,10.8918
4,17.41
4,17.386
4,1.06532
4,0.220077
4,0.183634
4,8.27263
4,1.04333
4,0.323775
4,0.27798
4,0.252086
4,0.219963
4,1.22927
4,0.507391
4,0.474049
4,0.433949
4,0.402277
4,0.369964
4,0.301795
4,10.7963
4,9.81031
4,9.77276
4,9.74116
4,9.70978
4,9.66915
4,21.0193
4,20.9966
4,25.0527
3335,71.9941
4,20.5781
4,27.7332
4,27.752
4,0.214487
4,6.7152
4,6.75595
4,6.76934
4,6.78729
4,6.79409
4,6.80101
4,6.85248
4,6.86003
4,6.86798
4,6.8755
4,6.8833
3335,14.9132
4,18.2013
4,18.1936
4,18.1628
4,18.1316
4,18.0924
4,18.0604
4,18.0292
4,17.9984
593,0.11788
593,0.072337
4,0.209875
4,10.653
4,10.8969
4,10.9079
4,10.9163
4,10.9241
4,10.932
4,10.9398
4,10.9474
4,10.9554
4,10.9657
4,11.6164
4,0.16707
4,0.14846
4,6.16378
4,6.14237
4,15.16
4,21.0389
4,21.0546
4,21.051
4,21.0574
4,21.0644
4,0.004697
4,0.235849
4,0.258784
4,0.265069
4,0.26812
4,0.27254
4,2.53885
4,2.55209
4,2.5579
4,2.56315
4,2.56843
4,2.57422
3343,6.71016
3343,0.140789
4,0.445055
4,0.103918
4,0.21382
4,6.78901
4,6.81494
4,6.82285
4,6.82847
4,6.83437
4,6.83929
4,6.83191
4,6.83656
4,6.8419
4,6.84726
4,6.85215
427,0.045048
4,0.219866
4,9.99843
4,10.0318
4,10.0421
4,10.0594
4,10.068
4,10.0758
4,10.0834
4,10.091
4,10.0988
4,10.0947
4,10.1021
4,10.4325
4,25.2253
4,25.1976
4,25.1572
4,25.1257
4,0.471217
4,0.439855
4,0.405602
4,0.372506
4,0.338925
4,0.297196
427,0.286994
4,0.256394
587,0.24737
4,0.209273
4,0.219084
4,7.46713
4,14.547
4,18.2394
4,21.4432
4,25.2877
4,29.2261
4,33.1333
4,36.0598
4,39.5175
4,68.4825
4,72.576
4,76.3494
4,55.2928
4,79.4601
4,82.7729
4,57.2025
4,90.3964
4,93.8406
4,59.9613
4,101.052
4,104.428
4,62.4092
4,111.441
4,114.544
4,63.2412
4,121.578
4,125.131
4,64.3227
4,66.8725
3882,0.376229
587,0.197285
4,0.212529
4,0.207187
4,7.75022
4,11.2548
4,14.9117
4,17.9675
4,21.5091
4,24.472
4,28.0295
4,31.0512
4,34.7546
4,38.0966
4,41.8707
4,45.1265
4,48.8459
4,52.4139
4,59.048
4,62.3765
4,66.6811
4,70.086
4,73.5066
4,76.7914
4,80.7099
4,83.6451
4,0.005705
4,11.3104
3882,0.324596
4,0.214781
4,6.56738
4,6.60058
4,6.59467
4,6.60242
4,6.6102
4,6.61804
4,6.62524
4,6.64114
4,6.6484
4,6.65598
4,6.66282
4,7.91653
4,19.8336
4117,11.0532
4,0.22261
4,0.102888
4,15.4405
4,21.505
4,21.5304
4,21.5396
4,21.5468
4,21.5541
4,21.5614
4,21.5688
4,12.5777
4117,11.7048
4,7.59567
4,7.06342
4,7.09415
4,7.11275
4,7.11921
4,7.1251
4,7.13012
4,7.12621
4,7.13059
4,7.13549
4,7.14076
4,1.01409
4,13.178
55481,0.470416
4,0.568218
4,1.02233
4,7.12856
4,14.0298
4,14.0366
4,14.0159
4,13.994
4,13.9666
4,13.9434
4,13.9221
4,13.8982
4,13.8771
4,13.8391
4,13.1411
4,0.005052
4,10.4132
55481,0.513835
4,0.093317
4,0.063164
4,0.553592
4,6.93039
4,6.92063
4,6.90005
4,6.88001
4,6.85203
4,6.82985
4,6.80231
4,6.77762
4,6.7557
4,6.72763
4,6.69599
4,0.224494
6195,0.706576
4,6.91986
4,14.1704
4,14.19
4,14.199
4,14.207
4,14.2144
4,14.2211
4,14.2282
4,14.2357
4,14.2357
4,14.2424
4,1.94364
4,7.87445
4,11.6732
4,10.7635
6195,0.56661
4,0.216621
4,7.04345
4,7.06446
4,7.07308
4,7.08092
4,7.08883
4,7.09567
4,7.10224
4,7.10881
4,7.11571
4,7.12231
4,7.12841
4,7.55761
4,13.2121
7677,1.70326
4,0.239349
4,8.05119
4,8.07713
4,8.08576
4,8.09199
4,8.0982
4,8.10429
4,8.1107
4,8.1169
4,8.12309
4,8.12058
4,8.12675
4,9.75441
4,15.7037
4,12.9197
4,11.9577
4,0.226637
4,7.17527
4,7.19801
4,7.20688
4,7.21413
4,7.2205
4,7.23572
4,7.24244
4,7.24885
4,7.25574
4,7.26266
4,7.2622
7677,66.4622
9613993,69.9444
4,9.29375
4,9.27443
4,1.71261
4,1.57233
9613993,65.7278
4,0.355782
4,0.443374
4,1.50749
4,1.38678
4,3.52007
4,3.79024
4,1.30102
4,1.17472
4,0.302666
4,0.510823
4,0.829803
4,1.36448
4,49.115
4,51.5436
4,48.0486
4,44.2441
4,41.142
4,34.5432
4,30.5931
4,26.6146
4,21.3125
4,17.4992
4,12.8658
4,9.02983
4,3.76384
4,10.3197
4,1.91301
4,2.07195
4,0.317422
4,2.02669
4,6.53627
4,6.52313
4,0.037074
4,0.00609
4,0.005216
4,53.6816
4,49.6109
4,44.8749
4,40.707
4,36.3854
4,32.0447
4,28.0691
4,11.1741
4,6.99458
4,10.7686
4,17.3756
4,14.379
4,14.1232
4,9.25095
4,8.41369
4,0.035409
4,10.2809
4,9.19788
4,10.4619
4,0.031055
4,10.0585
36334041,321.977
4,3.11567
4,2.34325
4,7.87838
4,7.817
4,17.5719
4,17.2727
4,0.151543
4,9.65116
4,10.1126
4,10.1089
4,148.285
4,149.509
4,136.518
4,123.97
4,110.347
4,98.3367
4,86.3205
4,72.0321
4,54.1287
4,42.2208
4,30.7356
4,16.5238
36334041,301.26
4,1.8848
4,1.36596
4,0.80786
2833617,27.4477
4,1.23199
4,1.19425
4,1.16331
4,0.535136
4,2.90408
4,3.07446
4,3.47622
4,3.41052
4,3.78959
4,15.6154
4,26.0516
4,24.4627
4,23.5011
4,21.9771
4,20.4402
4,19.558
4,18.0316
4,16.5075
4,15.5243
4,13.9748
4,15.1008
4,2.87863
4,9.98888
4,9.97643
4,9.95189
4,0.57844
250985,8.12828
4,12.8539
4,45.5451
4,45.5755
4,45.572
4,45.566
4,45.5628
4,45.5568
4,45.5217
4,45.5155
4,45.4305
4,45.3076
4,0.338036
4,6.92984
4,6.90638
4,6.88028
4,0.227954
4,5.64268
4,5.65205
4,5.62345
4,0.225545
4,2.60317
4,2.57847
4,2.54995
4,0.210574
4,0.168026
4,2.57356
4,2.58222
4,1.00618
4,0.976586
4,0.598176
4,148.616
4,142.525
4,129.624
4,117.413
4,103.285
4,91.1265
4,79.5127
4,61.2336
4,49.4236
4,36.7134
4,13.032
4,22.6201
4,11.9453
4,16.3121
4,24.6577
4,30.3115
4,0.049007
8084,35.4722
4,25.8172
4,25.773
4,25.7021
4,25.6739
2833617,25.6742
4,0.214234
6032,5.43479
4,12.1535
4,19.1971
4,19.2205
4,19.2375
4,19.2442
4,19.2394
4,19.2454
4,19.2518
4,19.2578
4,19.2639
4,19.2698
4,10.9916
4,22.882
4,21.5339
4,20.8628
4,19.8206
4,18.9686
4,17.7505
4,16.5658
4,15.6029
4,14.5282
4,13.004
4,0.212275
1265,1.79351
4,0.855887
4,8.31507
250985,12.2344
4,12.7019
4,19.8666
4,23.8807
4,30.9834
4,30.7766
4,1.19324
4,37.7517
4,37.9375
4,12.9875
4,48.7523
4,48.7048
4,59.9568
4,6.64998
4,59.7458
4,66.8368
4,70.8268
4,78.1532
4,78.2008
4,85.3284
4,0.568537
4,84.9309
4,92.0865
4,9.82421
4,95.8488
4,103.385
4,20.3944
4,106.352
4,31.247
4,2.89686
4,2.74461
4,1.44232
4,1.31783
4,0.213021
4,6.71802
4,6.74809
4,6.7448
4,6.7546
4,6.76076
4,6.7664
4,6.77189
4,6.77816
4,6.79339
4,6.80808
4,6.81386
4,6.85208
4,12.3996
1733,21.2602
4,0.325832
4,0.390128
4,0.362313
4,0.332439
4,0.291857
4,0.260593
14777,0.884892
4,0.593697
4,0.681648
4,1.43492
4,1.3737
4,1.31273
4,1.25165
4,0.251971
4,9.11212
4,9.13
4,9.13765
4,9.14185
4,9.14888
4,9.15448
4,9.16034
4,9.16535
4,9.1708
4,9.17606
4,9.17277
4,0.217061
4,0.290744
4,0.30275
4,0.309705
4,0.315141
4,0.32018
4,0.324952
4,0.317994
4,0.322889
4,0.335941
4,0.341062
4,0.345901
3011,0.644184
8084,21.5557
4,0.571603
4,0.542823
4,6.85969
4,0.100969
4,0.214466
2575,2.37285
4,6.77721
4,19.3304
4,37.9587
4,50.6358
4,45.705
4,52.9442
4,52.9593
4,52.9562
4,52.9645
4,52.9719
4,52.9793
4,52.9873
4,52.9947
4,0.227281
4,0.259694
4,0.266377
4,0.369174
4,0.377681
4,0.382082
4,0.386563
4,0.386166
4,0.390422
4,0.394754
4,0.398731
4,0.402787
4,8.36285
4,0.162575
4,15.0346
4,10.2777
4,20.8814
4,16.9442
4,28.3448
4,24.9585
4,35.5041
4,32.2991
4,42.6986
4,39.0635
8336,49.3994
4,46.0114
6032,49.3648
4,52.2341
4,59.1217
4,0.330805
4,6.51113
4,6.5425
4,6.54323
4,6.55405
4,6.55084
4,6.54823
4,6.53169
4,6.52845
4,6.52526
4,6.52159
4,6.51875
4,1.06727
4,12.3889
4,12.4313
4,12.4176
4,12.4022
4,12.3308
77120,19.1881
4,0.208715
4,10.7805
4,10.8187
4,10.8287
4,10.8369
4,10.8449
4,10.8539
4,10.8617
4,10.8576
4,10.8654
4,10.8732
4,10.8809
1265,32.5223
4,0.249515
4,8.57445
4,8.71994
4,8.73842
4,8.77085
4,8.78965
4,8.79375
4,8.80966
4,8.81344
4,8.83264
4,8.83278
4,8.83254
4,26.0356
4,33.2316
4,33.2115
4,33.1761
4,33.1462
4,33.1163
26635,33.2967
4,0.215892
4,9.23931
4,9.33929
4,9.34961
4,9.34526
4,9.35244
4,9.35992
4,9.36744
4,9.37082
4,9.37792
4,9.38578
4,9.39272
1733,20.0729
4,0.404197
4,7.23106
4,7.24541
4,7.23943
4,7.22951
4,7.20211
4,7.18996
4,7.17806
4,7.16583
4,7.16128
4,7.14768
4,7.13568
4,14.0986
4,20.8558
4,20.8445
4,20.8171
4,20.7889
4,20.7408
130352,21.043
4,0.231567
4,9.94811
4,9.98456
4,9.97658
4,9.98405
4,9.99039
4,9.99654
4,10.0074
4,10.0143
4,10.0198
4,10.0263
4,10.0322
14777,12.8612
4,0.21217
4,6.6639
4,6.70068
4,6.71084
4,6.71828
4,6.72541
4,6.73238
4,6.73958
4,6.74583
4,6.75353
4,6.76084
4,6.76787
4,10.9817
4,17.5764
4,17.5509
4,17.5218
4,17.492
4,17.4619
4,17.4323
3011,22.894
6192,2.09483
4,0.218786
4,9.99261
4,10.1196
4,10.281
4,10.5683
4,10.7828
4,10.7834
4,10.8065
4,11.6119
4,11.861
4,11.9696
4,12.2149
4,0.211771
4,4.90974
4,7.35362
4,10.7619
4,14.3875
4,18.1122
4,21.646
4,25.1502
4,28.9747
4,32.2046
4,36.0568
4,42.7695
4,42.784
4,42.7927
4,42.8008
4,42.8088
4,42.8163
4,45.7774
4,51.9703
4,51.949
2575,52.9165
14472,0.434788
4,0.233329
4,9.98019
4,10.01
4,10.0032
4,10.0087
4,10.0134
4,10.018
4,10.0218
4,10.0259
4,10.0299
4,10.034
4,10.037
4,1.7608
4,10.8523
4,10.8559
4,10.8288
4,10.7886
4,10.7578
4,10.7272
4,17.2173
4,0.222833
4,9.68023
4,9.71199
4,9.72039
4,9.72694
4,9.73212
4,9.73737
4,9.72952
4,9.73465
4,9.73986
4,9.75314
4,9.75189
8336,14.1897
4,3.03135
4,2.99303
4,2.93956
4,2.88504
4,2.83101
4,2.75144
4,0.28542
4,9.72569
4,9.75835
4,9.76159
4,9.76296
4,9.7638
4,9.76534
4,9.76548
4,9.76271
4,9.76379
4,9.76527
4,9.76628
54161,21.7666
4,14.2128
77120,0.598661
4,0.469612
4,0.863841
4,0.865529
4,0.838939
4,0.809101
4,0.787629
4,0.74786
4,0.716446
4,0.684948
4,0.283648
4,13.2951
4,13.332
4,13.3353
4,13.3365
4,13.3356
4,13.3363
4,13.3359
4,13.3177
4,13.3178
4,13.3176
4,13.316
4,0.222811
3734,0.784995
4,6.77963
4,48.1914
4,48.2153
4,48.2192
4,48.2274
4,48.2351
4,48.2428
4,48.2436
4,48.2515
4,48.2587
4,48.2664
4,50.044
4,56.4946
4,56.4648
4,56.4284
4,56.386
4,56.3533
4,56.3303
4,56.2968
4,56.2637
26635,1.68653
4,0.234594
4,1.51443
4,6.84225
4,16.7551
4,16.7733
4,16.7803
4,16.7864
4,16.8023
4,16.7951
4,16.8
4,16.8062
4,16.8119
4,16.8177
4,15.7104
4,21.8455
4,21.8049
4,21.769
4,21.7338
4,21.6981
4,21.6163
4,21.5904
29249,0.434036
4,0.251544
4,7.38636
4,7.42188
4,7.42795
4,7.43209
4,7.43609
4,7.43924
4,7.44325
4,7.43272
4,7.44591
4,7.45008
4,7.45394
4,9.68685
4,15.8525
4,15.8344
4,15.785
4,15.7477
4,15.7122
4,15.6762
4,1.03035
4,0.340006
4,11.1817
4,11.2111
4,11.2111
4,11.2209
4,11.2172
4,11.1934
4,11.1893
4,11.1838
4,11.1796
4,11.1763
4,11.1711
130352,14.0585
4,0.222005
10667,7.5676
4,10.6618
4,17.8793
4,17.9055
4,17.9136
4,17.9208
4,17.9271
4,17.933
4,17.9386
4,17.938
4,17.9447
4,17.9606
4,46.9084
4,52.9109
4,52.8926
4,52.8632
4,52.8315
4,52.8007
4,52.7611
4,52.7291
4,52.6887
6192,0.234407
4,0.227075
4,11.0686
4,11.098
4,11.1175
4,11.1253
4,11.1325
4,11.128
4,11.1347
4,11.1409
4,11.1464
4,11.1527
4,11.1589
4,0.241671
4,6.57382
4,6.60678
4,6.61382
4,6.61934
4,6.62408
4,6.62816
4,6.62114
4,6.63496
4,6.63972
4,6.64418
4,6.6486
17826,6.03705
4,0.004853
4,6.29816
4,6.27072
4,6.23914
4,6.20834
4,6.16484
4,6.13246
4,6.10065
4,6.88971
4,0.239186
4,9.76802
4,9.80091
4,9.79447
4,9.80088
4,9.80601
4,9.81098
4,9.81625
4,9.82123
4,9.83509
4,9.84085
4,9.84528
14472,13.4605
4,0.59111
4,0.560609
4,0.219306
4,8.33946
4,8.37301
4,8.38208
4,8.3894
4,8.39644
4,8.4032
4,8.4095
4,8.40433
4,8.42053
4,8.42795
4,8.43426
4,35.9279
4,42.9364
4,42.9398
4,42.9152
4,42.8816
4,42.8548
4,42.7126
8287,43.0171
4,0.253935
4,11.7127
4,11.7452
4,11.7492
4,11.7517
4,11.754
4,11.7561
4,11.7577
4,11.7469
4,11.7494
4,11.752
4,11.7541
4,0.232576
4,6.74759
4,6.77634
4,6.78308
4,6.78744
4,6.79132
4,6.79557
4,6.79903
4,6.79258
4,6.7957
4,6.7999
4,6.80326
54161,26.1778
19131,19.1592
4,0.628669
4,4.50517
4,4.4836
4,4.45227
4,4.42041
4,4.38005
4,4.34846
4,4.31705
4,4.28564
4,14.1784
3734,0.251449
4,0.213009
4,6.25702
4,6.30064
4,6.31059
4,6.31797
4,6.32529
4,6.33261
4,6.3402
4,6.3447
4,6.35162
4,6.35865
4,6.36607
40130,0.437048
4,0.253244
4,8.39616
4,8.42707
4,8.43267
4,8.4372
4,8.44077
4,8.44347
4,8.45455
4,8.44786
4,8.45054
4,8.45326
4,8.45576
4,0.233229
4,8.54276
4,8.57704
4,8.58431
4,8.5902
4,8.59571
4,8.60132
4,8.60694
4,8.60173
4,8.60741
4,8.61286
4,8.61383
29249,24.344
4,0.568164
4,9.15154
4,9.16343
4,9.15856
4,9.14278
4,9.12694
4,9.0756
4,9.05393
4,9.03112
4,9.00632
4,8.98205
4,8.92178
191479,14.7079
10667,1.40204
171112,1.30335
4,0.221168
4,8.24734
4,8.27186
4,8.27092
4,8.27505
4,8.27508
4,8.27164
4,8.26785
4,8.26399
4,8.25103
4,8.24743
4,8.24
4,0.584392
4,11.5976
4,11.6134
4,11.6009
4,11.5865
4,11.5727
4,11.5312
4,11.5122
4,11.4936
4,11.4727
4,11.3677
4,11.3465
17826,0.35739
4,0.230206
4,39.9912
4,40.0294
4,40.038
4,40.045
4,40.0509
4,40.0565
4,40.0617
4,40.0541
4,40.0688
4,40.0747
4,40.0807
4,0.241865
4,8.19482
4,8.22365
4,8.23092
4,8.2378
4,8.24366
4,8.24975
4,8.25587
4,8.26154
4,8.26763
4,8.26504
4,8.27091
11234,19.3965
8287,0.183949
4,0.218213
4,6.73003
4,6.75918
4,6.76683
4,6.77253
4,6.77822
4,6.78334
4,6.79271
4,6.798
4,6.79041
4,6.79546
4,6.80047
4,0.213789
4,7.15185
4,7.1842
4,7.19306
4,7.20112
4,7.20824
4,7.21499
4,7.23039
4,7.22617
4,7.2329
4,7.23956
4,7.24597
3049,13.8166
4,0.238168
4,5.63833
4,5.67413
4,5.68287
4,5.68777
4,5.69366
4,5.70941
4,5.70184
4,5.70507
4,5.7114
4,5.71575
4,5.71838
4,0.220593
4,10.2082
4,10.2717
4,10.2845
4,10.2927
4,10.2996
4,10.3061
4,10.3125
4,10.3192
4,10.318
4,10.324
4,10.3306
19131,33.9969
23710,47.9996
5653,9.37144
40130,0.430249
4,0.241995
4,0.220406
4,6.64082
4,10.8194
4,13.7538
4,17.2675
4,19.8567
4,23.8703
4,26.8177
4,30.376
4,33.0809
4,37.1942
4,40.0316
4,43.9239
4,46.2075
4,49.682
4,51.8822
4,55.4942
4,57.4618
4,60.6424
4,62.5743
4,66.2658
4,76.1572
4,80.1625
191479,1.91274
4,0.466517
4,5.87781
4,6.33
4,6.33728
4,6.33777
4,6.33015
4,6.31694
4,6.27724
4,6.26175
4,6.2397
4,6.21483
4,6.18988
4,0.451188
4,4.49576
4,4.5058
4,4.49762
4,4.48949
4,4.47864
4,4.46537
4,4.4303
4,4.41562
4,4.39637
4,4.38599
4,4.34768
171112,6.589
2836,0.068684
4,2.16124
11234,0.113448
4,0.227834
4,12.897
4,9.89398
4,21.3187
4,16.7514
4,26.0033
4,23.1554
4,33.0828
4,30.1254
4,39.669
4,37.2016
4,43.3533
4,43.355
4,43.3619
4,43.3692
4,43.3711
4,43.3782
4,0.215792
4,0.288192
4,0.298679
4,0.305275
4,0.310883
4,0.302751
4,0.307668
4,0.320706
4,0.326143
4,0.331692
4,0.336398
4,0.341628
3049,0.038719
4,0.206722
4,5.35399
4,5.37074
4,5.37766
4,5.38327
4,5.38715
4,5.39234
4,5.39763
4,5.40286
4,5.40844
4,5.41371
4,5.41948
302,4.98084
23710,0.211444
4,0.206789
4,4.95476
4,4.98332
4,4.99002
4,4.99742
4,5.0054
4,5.01345
4,5.02923
4,5.03682
4,5.03702
4,5.04569
1724,0.028552
4,0.303648
4,5.47844
4,5.486
4,5.46683
4,5.45621
4,5.44514
4,5.43349
4,5.4222
4,5.40323
5653,0.07253
4,0.144932
4,8.06948
4,8.10408
4,8.13469
4,8.16135
4,8.16818
4,8.1718
4,8.17413
2751,0.033925
4,0.212201
4,7.71108
4,7.74657
4,7.75568
4,7.76323
4,7.77963
4,7.77474
4,7.78163
4,7.78862
4,7.79547
4,7.80289
4,7.80962
4,0.213532
4,0.251254
4,0.579889
4,0.592053
4,0.598446
4,0.603718
4,0.608431
4,0.62292
4,0.62828
4,0.624909
4,0.629671
4,0.634511
7410,0.088158
227,0.017756
2836,0.029999
4,0.216636
4,0.070922
4,10.5353
4,11.0093
4,17.9263
4,18.2737
4,24.6264
4,24.9299
4,31.6724
4,38.4619
4,38.4767
4,38.4853
4,38.4937
4,38.5018
4,38.5097
4,38.5089
4,0.31985
4,0.429294
4,0.422922
4,0.434965
4,0.43178
4,0.427194
4,0.422563
4,0.419391
4,0.420226
4,0.418385
4,0.41462
4,0.402365
75688,0.542256
302,0.014508
4,0.145176
4,6.66508
4,6.68869
4,6.69581
4,6.70202
4,6.70859
4,6.71565
4,0.184114
4,1.48479
4,1.51243
4,1.51981
4,1.50731
4,1.51238
4,1.51743
4,1.52296
4,1.52787
4,1.53228
1724,0.036564
2751,0.035404
4,0.004843
27537,0.213434
4,0.237594
4,0.24047
4,9.33813
4,11.1925
4,17.0379
4,18.2595
4,23.7231
4,24.578
4,30.3716
4,31.143
4,36.956
4,38.3184
4,44.0611
4,45.3589
4,51.0395
4,52.0328
4,57.7491
4,58.3719
4,64.085
4,65.3139
4,71.2171
4,72.3753
4,77.9798
4,0.236508
4,0.31272
4,0.322075
4,0.326349
4,0.329127
4,0.332134
4,0.334719
4,0.337132
4,0.339479
4,0.341799
4,0.336594
4,0.339052
7410,0.214252
4,0.210757
18441,7.40394
4,11.3511
4,18.7017
4,18.7195
4,18.7277
4,18.7351
4,18.7427
4,18.7499
4,18.7566
4,18.7635
4,18.7631
4,18.7702
4,0.208351
4,2.34586
4,2.36151
4,2.35587
227,0.013964
4,2.36172
4,9.33885
4,9.35851
4,9.36599
4,9.37186
4,9.37829
4,9.38421
4,9.38991
4,0.283794
75688,0.510952
20524,0.167982
4,6.62716
4,0.230804
4,14.9363
4,9.66789
4,23.7263
4,16.1474
4,29.5581
4,22.4478
4,35.9672
4,28.7439
4,42.0409
4,34.696
4,48.3547
4,40.8551
4,54.4455
4,46.8732
4,60.9136
4,54.3917
4,68.0391
4,61.0605
4,74.4853
4,67.1358
4,74.296
27537,0.21559
4,0.236331
25948,0.202627
4,8.48581
4,0.244847
4,14.2944
4,12.3587
4,20.9594
4,17.865
4,26.2872
4,22.9511
4,31.3898
4,28.5705
4,36.7555
4,34.0212
4,42.2456
4,39.5227
4,48.1299
4,45.3064
4,54.1523
4,51.319
4,58.8022
4,55.9163
4,64.3349
4,61.2502
4,67.1144
18441,0.15387
4,0.231911
353,0.014979
4,0.208703
4,9.3837
4,11.0497
4,20.9164
4,18.8087
4,30.8013
4,27.7181
4,36.732
4,34.0171
4,43.9882
4,41.9105
4,51.4334
4,48.8935
4,58.2842
4,55.8479
4,65.6757
4,63.1331
4,72.6429
4,70.259
4,79.8742
4,77.4602
4,86.6335
4,83.7017
20524,0.169556
4,0.234934
15920,0.138837
4,0.227821
4,9.89855
4,10.2728
4,20.5514
4,17.078
4,27.1866
4,27.7613
4,38.1725
4,35.1708
4,44.8206
4,41.7558
4,52.1334
4,48.8676
4,58.712
4,55.0661
4,65.7102
4,62.6015
4,72.819
4,69.3254
4,79.3192
4,75.2895
4,85.0564
4,81.6318
25948,0.206682
4,0.236711
18593,0.161551
4,0.246477
4,10.3345
4,10.9497
4,20.6497
4,17.0862
4,26.9444
4,23.7677
4,33.4416
4,29.7032
4,39.6069
4,36.4539
4,46.8393
4,43.2184
4,54.2287
4,50.505
4,61.1138
4,57.3107
4,67.4574
4,63.724
4,74.261
4,70.7442
4,80.4539
4,76.8751
353,0.022533
4,0.215167
6206,0.076349
4,0.218662
4,8.95864
4,9.75698
4,51.2498
4,62.1449
4,71.9323
4,69.2077
4,78.3162
4,75.4274
4,84.574
4,81.6494
4,91.0542
4,88.2666
4,97.0559
4,94.0482
4,103.025
4,100.156
4,108.675
4,105.422
4,113.965
4,110.612
4,119.447
4,127.266
15920,0.1413
4,0.226063
255,0.014449
4,0.215452
4,9.2374
4,10.6871
4,19.8155
4,17.716
4,26.2027
4,23.7098
4,32.4026
4,30.1444
4,39.33
4,37.0494
4,45.9738
4,43.7057
4,52.9152
4,50.5941
4,59.8315
4,57.5681
4,66.9287
4,64.538
4,73.4207
4,70.9951
4,80.1115
4,77.2591
18593,0.152957
4,0.234964
16966,0.154754
4,0.234605
4,10.4044
4,10.8956
4,21.4643
4,17.9731
4,28.1288
4,24.4631
4,35.1826
4,31.7989
4,42.0177
4,38.5586
4,48.7885
4,45.4158
4,55.6863
4,52.3718
4,63.2088
4,60.1228
4,70.6457
4,66.8196
4,77.6016
4,73.5647
4,83.9764
4,80.8541
4,0.246955
4,0.32968
4,0.347993
4,0.353001
4,0.34383
4,0.346436
4,0.347483
4,0.348137
4,0.349266
4,0.350946
4,0.35225
4,0.353237
6206,0.306232
4,0.213091
29761,6.92453
4,10.8228
4,17.7914
4,17.811
4,17.8197
4,17.8274
4,17.8345
4,17.8418
4,17.849
4,17.8481
4,17.8554
4,17.8623
4,0.207597
4,0.274624
4,0.293615
4,0.300656
4,0.295183
4,0.300449
4,0.305717
4,0.310824
4,0.316366
4,0.321673
4,0.326823
4,0.332048
255,0.014506
16966,0.159205
4,0.234239
4,6.50897
4,6.53472
4,6.54183
4,6.54638
4,6.5506
4,6.5551
4,6.55885
4,6.56306
4,6.5672
4,6.56019
4,6.56394
4,0.237839
29761,0.233095
4,3.30322
392,0.015156
4,0.110378
4,8.929
4,9.51436
4,19.0114
4,16.1275
4,26.1026
4,22.9023
4,32.9834
4,40.3481
4,40.3604
4,40.3537
4,40.3579
4,40.363
4,40.3676
29931,0.710439
4,0.203026
4,12.4067
4,12.4349
4,12.4413
4,12.4466
4,12.4507
4,12.4546
392,0.018336
4,6.91247
4,6.3392
4,6.33014
29931,0.235046
2223,0.029899
4,2.44649
4,0.080656
4,9.16246
4,9.18859
4,9.20653
4,9.21349
4,14.3848
4,19.3523
4,18.6876
4,18.6086
728,9.20264
4,0.004866
4,21.1966
4,0.190917
4,0.234127
4,0.243996
4,0.245725
4,0.251331
4,0.256955
4,0.370865
4,0.489527
4,0.493186
4,0.488635
4,0.483946
4,0.465109
4,0.455673
4,0.453551
4,0.435587
4,0.425921
4,0.415416
4,0.403289
100365,0.66876
33510,0.267404
4,0.248058
4,6.76351
4,6.88815
4,7.07732
4,7.21749
4,7.25051
4,7.25465
4,7.25809
4,7.26167
4,7.265
4,7.26868
4,7.27177
4,1.13847
225321,1.50695
4,1.45959
4,8.78483
4,8.78331
4,8.73331
4,8.65846
4,8.54533
4,8.43206
4,8.31903
4,8.20758
4,8.09511
4,7.98246
2223,0.027486
4,2.15716
4,15.4732
4,14.1895
4,14.1257
4,14.0887
728,0.020226
4,3.66698
4,7.42007
4,7.25958
4,7.28343
100365,0.694145
4,0.430574
4,6.83358
4,6.83287
4,6.81545
4,6.79582
4,6.77411
4,6.75699
4,6.74777
4,6.7437
4,6.73651
4,6.72784
4,6.71948
6248,0.075521
4,0.113112
4,11.0622
4,11.0826
4,11.0895
4,11.0839
4,11.0899
33510,0.245856
4,0.237912
4,10.0875
4,10.1221
4,10.1293
4,10.1246
4,10.1289
4,10.1339
4,10.1391
4,10.1443
4,10.1493
4,10.1538
4,10.1587
4,0.600086
4,0.635842
4,0.698805
4,0.691265
4,0.637128
4,0.605665
4,0.571727
4,0.539163
4,0.506566
4,0.47376
4,0.441753
4,0.408893
225321,1.49237
3286,0.034986
4,0.176092
4,8.30358
4,8.35099
4,8.35953
4,8.39248
4,8.40006
4,8.40726
4,8.40656
4,8.41396
4,8.42653
4,0.20494
4,0.275234
4,0.286011
4,0.30312
4,0.301125
4,0.306611
4,0.311677
4,0.317241
4,0.322408
4,0.327919
4,0.333786
4,0.349414
468,0.018528
4985,0.075624
4,0.221078
4,6.2948
4,6.30938
4,6.31742
4,6.32306
4,6.32871
4,6.3341
4,6.33882
4,6.34356
4,6.34809
4,6.35299
4,6.34944
4,0.221759
4,0.275998
4,0.286027
4,0.292495
4,0.297536
4,0.302405
4,0.307308
4,0.312617
4,0.31822
4,0.336122
4,0.329812
4,0.334885
734,0.0171
4,0.170845
4,6.42992
4,6.462
4,6.47162
4,6.47823
4,6.48506
4,6.49184
4,6.49833
6248,5.93282
323,0.014058
4,0.316678
4,7.62379
4,7.75665
4,7.77083
4,7.77482
4,7.77761
4,7.7809
4,7.78419
4,7.78769
4,7.79075
4,7.7827
4,7.78582
3286,0.060002
4,0.216629
3703,0.036268
4,0.21137
4,11.0382
4,12.07
4,23.8272
4,20.3501
4,31.4667
4,27.1763
4,38.1462
4,34.3961
4,45.3801
4,41.3726
4,52.7553
4,49.1526
4,60.0269
4,56.1546
4,67.6501
4,63.7096
4,74.7665
4,70.895
4,81.949
4,78.0835
4,89.0453
4,84.8983
4,0.213824
4,0.280531
4,0.290879
4,0.297696
4,0.30349
4,0.30888
4,0.314395
4,0.307506
4,0.313001
4,0.317816
4,0.331196
4,0.33604
468,0.074953
4,0.20799
3284,6.89713
4,10.5082
4,17.9529
4,17.9821
4,17.9913
4,17.9993
4,17.9953
4,18.0027
4,18.0118
4,18.0201
4,18.0279
4,18.0357
4,0.214787
4,0.285658
4,0.296481
4,0.302579
4,0.304451
4,0.309356
4,0.314144
4,0.319117
4,0.323999
4,0.329516
4,0.33481
4,0.339884
169420,1.16798
4,0.459833
4985,6.88051
4,10.6455
4,18.302
4,18.3082
4,18.2753
4,18.2609
4,18.256
4,18.2395
4,18.2219
4,18.2049
4,18.1866
4,18.1818
734,0.042819
4,0.218685
4,10.3547
4,10.3947
4,10.3864
4,10.4288
4,10.4571
4,10.4672
4,10.4745
4,10.4822
4,10.4899
4,10.4971
4,10.5046
31140,0.238458
4,0.249071
4,9.24333
4,9.26243
4,9.2774
4,9.2812
4,9.28477
4,9.28832
4,9.29122
4,9.29327
4,9.29533
4,9.29834
4,9.29258
323,0.015054
4,0.21389
4,10.6083
4,10.7187
4,10.7495
4,10.814
4,10.8732
4,10.9159
4,10.9393
4,10.9438
4,10.9478
4,10.951
4,10.9543
63448,0.460699
4,0.288873
4,9.60656
4,9.63102
4,9.63499
4,9.6357
4,9.63521
4,9.63326
4,9.62949
4,9.62823
4,9.6134
4,9.6102
4,9.6078
3703,0.061788
4,0.228894
4,9.33639
4,9.3703
4,9.37863
4,9.3866
4,9.39396
4,9.40122
4,9.40843
4,9.41538
4,9.42266
4,9.43016
4,9.42976
4,0.219325
4,0.25713
4,0.260259
4,0.264915
4,0.269608
4,0.273282
36143,0.314823
4,0.248196
3284,6.72191
4,10.6844
4,11.9303
4,18.354
4,22.1249
4,26.0772
4,29.2033
4,32.8163
4,36.6019
4,40.0297
4,43.595
4,46.8654
4,50.4695
4,54.2452
4,61.2506
4,61.2605
4,61.2652
4,61.2686
169420,1.11697
4,0.490203
32409,0.233073
4,7.99592
4,0.238725
4,13.8541
4,13.8914
4,13.8991
4,13.9043
4,13.9
4,13.9052
4,13.9103
4,13.9151
4,13.92
4,13.9248
4,13.9296
4,15.2082
4,24.7121
4,24.7243
4,24.7079
4,24.6666
4,24.6473
4,24.6283
4,24.6089
4,24.5897
4,24.5698
4,0.241781
41449,0.508895
4,0.255777
4,3.7126
31140,6.62201
4,10.1065
4,14.2179
4,22.4123
4,25.7971
4,29.358
4,32.7553
4,36.6931
4,40.4105
4,44.2943
4,47.3334
4,51.0758
4,54.0532
4,57.7415
4,61.1947
4,65.0212
4,68.5084
4,72.1534
4,75.6504
4,79.4447
4,82.6728
4,86.5785
4,0.004621
4,0.236551
4,0.247911
4,0.25415
4,0.258963
4,0.263138
4,0.267451
4,0.272003
4,0.276419
4,0.280588
4,0.277674
4,0.282087
63448,0.503369
4,0.296066
7092,7.12741
4,10.2549
4,17.8964
4,17.9293
4,17.9334
4,17.9356
4,17.9368
4,17.9363
4,17.936
4,17.937
4,17.9359
4,17.9256
22365,0.193297
4,0.224105
36143,0.263959
4,0.223306
4,9.91535
4,11.1282
4,21.8723
4,18.7111
4,28.8195
4,25.6622
4,35.9494
4,32.3878
4,42.9022
4,39.8301
4,50.6687
4,47.7982
4,58.216
4,55.0781
4,65.402
4,62.0585
4,72.6818
4,69.3761
4,79.4699
4,76.2581
4,86.7433
4,0.235393
4,0.291677
4,0.302756
4,0.308774
4,0.314075
4,0.319211
4,0.324339
4,0.319581
4,0.32412
4,0.329316
4,0.326221
4,0.330501
32409,0.28104
4,0.249815
4763,7.09579
4,11.1419
4,19.2677
4,19.2865
4,19.2933
4,19.2981
4,19.3033
4,19.3084
4,19.313
4,19.3174
4,19.3216
4,19.3182
41449,0.304931
4,0.296035
4,6.75182
4,6.78266
4,6.78796
4,6.79164
4,6.7939
4,6.78606
4,6.78805
4,6.78818
4,6.7886
4,6.78095
4,6.78188
4,0.180259
7092,0.081981
4,8.69336
4,15.4051
4,15.4261
4,15.4336
4,15.4385
4,15.4439
4,15.4389
4,15.4435
4,15.4489
4,0.230497
22365,0.178125
4,3.54041
4,11.1398
4,11.1613
4,11.1685
4,11.1605
4,11.1646
4,11.1734
4,11.1773
4,11.1811
4,11.185
4,11.1886
4,0.21365
4,1.77606
4,1.79087
4,1.79726
4,1.80302
4,1.80784
4,1.8011
4,1.80608
4,1.81096
4,1.82424
4,1.82976
4,1.83457
4763,0.063026
