4,56.199
4,111.99
4,69.3181
144,72.6243
4,20.6402
4,19.7969
144,90.0975
4,37.2025
4,40.0989
4,35.169
4,72.0179
4,30.0955
4,31.2927
4,99.9218
144,35.5188
4,156.092
4,35.9819
4,156.192
4,156.189
4,156.153
4,188.041
4,32.3932
4,188.409
144,30.3364
4,36.082
144,33.7151
4,67.9872
4,54.9142
144,21.7349
4,64.0947
144,21.402
4,47.9841
4,108.012
144,18.3923
4,108.021
4,48.038
4,55.9842
144,51.5716
4,52.0122
4,40.3575
144,37.4706
4,42.0284
144,33.6713
144,21.0488
4,46.2794
144,22.991
4,73.5587
4,60.0417
144,30.1082
4,32.0406
144,41.7215
4,33.328
144,25.2059
4,47.7304
144,24.5234
4,39.9783
144,12.9703
4,61.7336
4,35.0599
4,31.8535
4,36.0223
4,66.3042
4,35.9353
4,32.84
4,39.3753
4,33.163
4,30.634
4,35.5577
4,47.5062
4,39.3789
4,116.946
4,54.5423
144,23.9476
4,50.7819
144,34.2653
4,36.2335
4,105.07
4,21.6657
4,58.6744
4,136.595
4,1.73306
144,7.99958
4,7.24251
4,120.378
144,50.2304
4,27.6131
4,76.2525
0,66.1018
4,50.5731
0,20.0262
4,31.666
4,39.3252
4,78.1163
4,40.2978
4,21.9013
4,30.4399
4,39.5502
4,32.7616
0,36.1105
0,20.1588
4,39.1931
4,31.9971
4,31.8413
4,39.2912
4,25.0376
4,43.7798
4,40.7941
4,96.8396
4,47.0435
4,59.6964
0,26.5864
4,31.8575
4,35.6832
4,26.0731
4,51.8078
4,34.1577
0,27.6178
4,39.5749
4,36.1668
4,62.1079
4,34.4725
4,43.2165
4,43.5172
4,34.6393
4,33.0925
4,30.3224
4,99.5195
144,36.0155
144,20.0411
4,83.3864
4,39.6514
4,39.9764
4,33.0867
4,29.9922
4,47.5424
4,35.7876
4,89.3221
4,39.4476
4,63.2249
144,19.9704
4,70.3634
4,42.9169
4,32.8178
144,3.93045
4,32.4376
4,243.129
4,58.4014
4,110.852
4,40.0519
4,63.3233
4,35.0101
4,31.9351
144,46.1198
4,45.9338
144,16.0214
4,71.9285
4,55.9688
4,59.5643
4,34.8089
4,39.943
4,51.9894
4,47.2608
4,29.0748
4,27.9427
4,177.884
4,103.809
4,103.682
4,27.6965
4,39.5331
4,0.063156
4,55.352
4,55.456
4,199.251
4,43.3679
4,118.176
4,43.7615
4,30.2342
4,81.7809
4,47.748
4,41.4207
4,59.2624
4,11.9766
4,35.659
4,75.7834
4,63.2772
4,51.8673
4,55.9724
4,95.682
4,35.9887
4,55.1718
4,35.4832
4,31.7506
4,39.5663
4,47.3758
4,75.6988
4,39.6024
4,75.663
4,36.0188
4,53.383
4,39.5733
4,39.4365
4,49.5404
144,47.9333
144,118.165
4,100.003
4,122.111
4,50.5217
4,167.907
4,35.3537
4,67.9571
144,100.439
4,92.914
4,47.5141
4,33.1831
4,115.992
4,51.9181
144,84.0269
4,66.8701
4,55.4992
4,46.9141
4,83.4846
4,43.5917
4,34.0949
4,76.1481
4,39.962
4,99.4514
4,63.8334
4,48.155
4,153.472
144,15.965
144,28.0924
4,35.9265
4,157.758
4,231.51
4,37.0974
4,43.469
4,41.5942
4,44.396
0,27.9859
4,82.8019
0,28.0127
4,82.7815
4,52.0669
4,42.0568
4,51.808
4,35.5807
4,47.5441
4,1.14857
4,123.708
4,75.9947
0,76.1699
0,76.1638
4,36.3115
4,47.9755
4,34.919
4,47.1927
4,34.5964
4,39.9388
4,64.5912
4,47.6346
0,19.9757
0,19.9851
4,160.462
4,35.9999
4,32.3301
4,70.6238
4,47.7794
4,47.3464
4,27.3341
4,50.7993
4,33.7065
4,50.7722
4,39.2582
4,71.8238
4,39.6911
4,0.053268
144,3.84968
144,3.84917
4,23.2517
4,154.441
4,278.024
4,36.2168
4,36.095
4,32.9387
4,29.8871
4,39.2392
4,11.9204
4,11.9997
4,37.347
4,37.8053
4,45.8865
4,83.3078
144,84.9199
4,40.4753
4,42.1822
4,47.8018
144,17.6552
144,10.9445
4,95.9901
4,55.1081
144,96.0722
4,48.1645
4,43.9885
4,62.3094
4,67.5024
4,49.2082
4,51.9625
4,63.9749
4,143.778
4,79.7086
4,33.387
4,85.0798
4,35.0372
4,63.5925
4,115.333
4,131.502
4,67.7891
4,52.1688
4,83.1088
4,62.2329
4,31.3729
4,37.5729
4,68.3829
4,48.0304
4,46.0107
4,43.4623
4,58.2556
4,21.224
4,34.5933
4,39.0744
4,39.0265
4,39.6481
4,47.4675
4,131.684
4,31.6842
4,55.7598
4,51.6603
144,23.9683
4,43.6828
4,47.1348
4,63.6232
4,26.4868
4,31.9099
4,70.0139
144,23.9651
4,51.8344
4,44.7433
4,31.8871
144,69.9624
4,69.9084
4,99.827
4,56.072
4,40.2237
4,55.4615
4,35.1754
4,35.0314
144,19.9791
144,20.0046
4,291.846
4,119.651
4,26.409
4,80.2078
4,36.0083
4,23.9715
4,106.133
4,99.9871
4,63.9904
4,51.3581
4,43.7993
4,103.905
4,47.0883
144,24.0038
4,63.9534
4,0.055028
4,45.155
144,31.943
4,55.9967
4,63.9929
4,63.6678
4,48.1245
4,23.9394
4,132.23
4,39.9788
144,3.96604
4,7.93522
4,67.7081
4,67.4898
144,51.2369
4,36.0913
4,207.521
4,39.1878
4,75.9646
4,39.5908
4,107.888
4,59.0571
4,84.0296
4,59.0297
4,37.7245
144,11.9279
4,20.0248
4,127.353
4,38.01
4,47.4133
4,71.5009
4,197.923
4,107.698
4,35.6185
4,32.3275
4,171.191
144,19.9914
4,8.26709
4,286.48
4,235.641
4,55.875
4,239.114
144,59.8993
4,56.0177
4,52.1531
4,89.3836
4,72.0017
144,3.95039
4,47.9753
4,127.962
4,60.055
4,44.3544
4,43.7476
4,55.6014
4,6.93253
4,6.72116
4,51.5141
4,31.9355
144,47.9791
4,33.1049
144,48.01
4,30.2296
4,78.7466
4,67.5778
144,103.85
4,39.8014
4,35.8622
4,35.8781
4,151.664
4,95.8057
4,67.7106
144,20.0368
144,36.0584
4,40.0164
4,39.9818
144,35.983
144,23.9681
4,24.1172
4,39.9963
4,44.0501
4,179.712
4,47.7199
4,164.023
4,95.7677
4,43.4993
4,36.0218
4,43.6975
4,51.7927
4,139.67
144,24.0908
4,46.543
144,49.1533
4,35.7815
4,43.956
0,23.9547
4,63.7703
4,35.8909
4,44.0021
4,43.9808
4,51.6009
4,35.7865
4,27.9216
4,68.1942
0,36.3667
0,36.3639
4,31.6116
4,35.7646
4,43.7146
4,49.6109
4,51.7193
4,55.7125
4,33.571
0,35.952
0,23.4073
4,73.6698
4,31.8003
4,36.0704
4,50.1355
4,33.7722
4,43.64
4,28.1479
4,58.0122
4,37.5786
4,55.8612
0,20.1152
4,39.6647
4,50.0344
144,19.7202
4,34.5919
4,39.9862
4,35.8763
4,35.6211
4,130.101
4,64.9072
4,43.256
4,39.2349
4,43.7431
4,47.6651
144,26.06
4,41.897
4,39.4599
4,27.648
4,171.803
144,24.0095
4,91.83
4,59.8542
4,39.6888
4,41.8745
4,130.954
4,68.5044
4,39.6163
4,39.0342
144,33.138
144,33.3162
4,0.179883
4,43.7902
4,59.5484
4,82.5177
4,107.015
4,55.5048
4,51.7435
144,23.9969
4,156.108
4,43.9303
4,236.301
4,60.0376
4,80.2832
4,63.8227
4,36.2033
4,47.1508
4,59.843
4,27.8713
4,123.442
4,11.2249
4,61.6979
4,9.35971
4,68.4039
4,71.7253
4,50.4291
4,31.7397
4,55.7413
4,23.9352
4,39.4815
4,99.7008
4,43.8445
4,35.7083
4,67.7324
4,43.7192
4,34.5399
4,43.7137
4,51.731
4,47.9938
144,20.1729
4,44.4508
4,24.9587
144,20.9028
4,34.6312
4,63.5768
4,54.4935
4,36.0018
4,83.5532
4,52.6942
4,45.9752
4,131.283
4,19.97
4,86.5922
4,50.5207
144,28.9307
4,60.6536
4,111.988
4,31.5895
4,191.458
4,94.914
4,47.9753
144,153.759
4,63.9749
4,30.2088
4,131.543
4,45.1123
4,40.3565
4,37.5683
4,122.818
4,43.9609
4,43.7766
4,83.2373
4,26.8924
4,10.7212
4,55.8997
144,19.9165
4,63.8957
4,47.9717
4,26.3493
4,39.6262
144,20.8309
4,51.9784
144,19.9748
4,55.7692
4,43.8942
4,138.242
4,52.0326
4,59.6869
144,24.4771
4,50.0319
4,144.019
4,54.8902
4,45.1758
4,59.8458
4,71.9378
4,23.3109
4,10.3687
144,44.1663
4,196.435
4,89.4946
4,60.045
4,148.51
4,35.7925
4,37.4605
144,15.1622
4,35.8098
4,35.3948
4,158.093
4,43.978
4,7.94571
4,87.3842
144,58.5694
4,28.7716
4,164.155
4,37.8835
4,35.7702
4,39.8367
144,95.8027
4,76.1887
4,59.7109
4,32.3555
4,67.2389
4,67.2656
144,23.9466
4,37.9622
4,91.4538
144,32.1205
4,79.985
4,215.352
4,47.6003
4,30.0415
4,62.1074
4,159.827
4,32.1611
4,47.9584
4,55.5659
4,139.958
4,88.4586
4,40.2385
4,74.2314
4,36.1104
4,110.19
4,87.6945
4,36.103
4,56.1735
4,63.5587
4,63.6284
4,67.6149
4,35.7546
4,67.4488
4,63.4841
4,63.462
4,77.5174
144,22.1871
144,0.086572
4,59.4651
4,59.2559
0,11.9741
4,38.7551
4,71.6934
4,43.9875
0,28.0195
4,27.2714
4,115.969
4,40.7816
4,43.9671
4,59.4363
4,64.5032
4,72.3142
4,38.7723
4,46.63
4,43.831
4,47.7041
4,74.6966
4,41.2065
4,43.8136
4,67.664
4,35.9574
4,91.7426
4,47.5123
4,31.7863
4,83.7554
4,63.5441
4,35.8398
4,42.5425
4,67.7403
4,39.8646
4,35.8189
4,39.8194
4,71.4509
4,37.985
4,41.5111
4,59.6055
4,31.8274
4,38.1147
4,67.8125
4,32.5397
4,42.9267
4,29.9279
4,59.8165
4,39.7417
4,67.2948
4,47.7303
4,135.544
4,39.7291
4,52.1283
4,59.4023
4,59.421
4,87.8162
4,37.6896
4,39.7857
4,67.6994
4,39.7106
4,33.1139
4,38.3569
4,15.8244
4,71.282
4,123.626
4,99.7536
4,35.773
4,43.7468
4,42.3192
4,25.5233
4,86.9832
4,35.9102
4,44.6338
4,30.8892
4,123.414
4,36.2503
4,75.6986
4,43.6859
4,39.8898
4,100.072
4,33.2355
4,62.9203
4,30.2515
4,47.5324
4,32.4432
4,29.049
4,36.9591
4,38.4749
4,40.4301
4,115.551
4,43.8229
4,31.6723
4,59.5723
4,35.9116
4,100.09
4,71.7556
4,32.0886
4,39.9833
0,19.9785
4,36.1092
4,35.8092
4,30.8061
4,30.5313
4,43.7612
4,107.682
4,79.5848
0,20.034
4,51.8526
4,36.1001
4,35.4344
4,32.376
4,55.8302
4,75.5421
4,43.0976
4,47.7563
4,71.9544
4,67.6108
4,35.8287
4,35.7369
4,39.6927
4,51.9063
4,39.7319
4,63.8096
4,43.733
4,35.1134
4,48.0548
4,35.8114
4,40.664
4,42.1835
4,35.1417
4,71.8927
4,43.6581
4,39.7619
4,59.6879
4,116.191
4,43.717
4,39.7238
4,32.0852
4,67.7
4,28.3283
4,43.3834
4,38.2444
4,73.9981
4,63.1782
4,37.544
4,47.7172
4,47.9325
0,3.93358
4,62.7549
4,39.8049
4,23.5607
4,47.6732
4,41.5874
4,33.0306
4,63.7866
4,28.1451
4,42.5099
4,63.8713
4,47.772
0,23.9518
4,41.9459
4,83.1641
4,35.2615
4,83.2751
4,31.928
4,51.739
4,34.6763
4,75.761
4,70.9267
4,25.9441
4,70.9304
4,79.5066
4,34.5691
4,39.811
4,35.7443
4,79.5786
4,64.3241
0,24.1504
4,47.8387
4,34.6022
4,29.4822
4,59.6577
4,31.7877
4,47.6852
4,42.2275
4,79.346
4,32.0793
0,16.0306
4,67.3145
4,67.3382
4,116.033
4,39.8667
4,91.9976
4,87.5727
4,39.8454
4,34.4076
4,43.758
4,33.966
144,11.9621
4,96.0033
4,31.2197
4,33.9159
4,39.9443
4,20.8587
4,34.3442
4,77.8293
4,29.1778
144,248.121
4,31.0428
4,39.9698
4,52.1152
4,45.8807
4,45.2113
4,36.8083
4,27.2563
4,36.4953
4,35.8564
4,55.8369
4,135.841
4,60.0908
4,39.7741
4,31.6797
4,43.4463
4,59.6507
4,48.4027
4,37.3819
4,41.8831
4,32.423
4,67.4083
4,34.9665
4,43.8544
4,123.69
4,39.2267
4,35.744
4,47.6044
4,85.0637
4,35.741
4,39.7039
4,39.7849
4,35.8408
4,111.969
4,111.938
4,39.6139
4,55.7756
4,33.4632
4,75.8702
4,39.4944
4,34.1707
4,75.8939
4,35.6368
4,32.3133
4,19.9185
4,71.3654
4,28.4123
4,40.4262
4,63.7454
4,121.269
4,70.4248
4,31.5198
4,11.9834
4,67.9438
4,41.7691
4,55.9749
4,129.428
4,78.9911
4,39.5575
4,47.7703
4,39.7924
4,55.151
4,37.913
4,79.6948
4,43.4608
4,55.7569
4,119.879
4,83.5794
4,71.8001
4,35.6411
4,119.571
4,68.2086
4,39.9671
4,47.6343
4,36.1256
4,47.8131
4,43.9381
4,95.8306
4,67.7375
4,39.5299
4,35.5979
4,39.7603
4,29.1263
4,39.5428
4,87.8986
4,39.6928
4,69.4087
4,38.9785
4,71.9327
4,39.9062
4,27.9693
4,39.994
4,67.7811
4,39.6734
4,35.7385
4,35.6354
4,59.1351
4,34.6159
4,91.6792
4,39.9058
4,55.6946
4,79.9796
4,67.6307
4,11.9195
4,39.2022
4,83.699
4,91.6782
4,35.6305
4,39.3507
4,67.8347
4,39.7149
4,72.1239
4,55.6853
4,79.7602
4,41.2568
4,39.6832
4,140.043
4,55.731
4,67.8656
4,32.1766
4,42.5165
4,67.6445
4,39.9768
4,67.6493
4,43.7079
4,71.7348
4,57.2008
4,48.0401
4,38.9773
4,71.3114
4,51.7122
4,27.8578
4,75.7828
4,40.0757
4,43.5784
4,79.4084
4,34.0109
4,39.786
4,30.7682
4,65.938
4,111.64
4,40.1075
4,40.4851
4,39.7742
4,91.6814
4,39.635
4,39.6918
4,99.8736
4,44.1376
4,99.8594
4,51.8328
4,39.6666
4,39.7267
4,36.6542
4,27.4377
4,95.8231
4,42.6043
4,37.9462
4,40.0275
4,70.3709
4,33.5457
4,36.066
4,54.7382
4,83.4118
4,47.7904
4,31.836
4,65.1132
4,56.1893
4,44.0213
4,97.7333
4,47.6067
4,31.7201
4,36.0014
4,23.9672
4,131.502
4,35.8479
4,87.9428
4,26.3117
4,63.7598
4,32.0461
4,32.3239
4,25.7374
4,56.9635
4,34.6355
4,35.9228
4,35.7345
4,38.2673
4,63.8728
4,147.546
4,151.718
4,35.8109
4,51.7051
4,38.3024
4,27.967
4,40.5804
4,36.327
4,32.3515
4,40.7789
4,31.9744
4,84.7038
4,43.9275
4,66.8724
4,55.8603
4,37.8553
4,130.583
4,59.6535
4,43.7507
4,36.0268
4,79.7197
4,115.011
4,67.7786
4,52.1309
4,39.9052
4,32.0239
4,51.5865
4,67.6143
4,43.9922
4,51.6648
4,67.006
4,38.9365
4,67.3382
4,47.92
4,40.501
4,79.6732
4,51.3466
4,94.7187
4,35.9989
4,40.8238
4,39.6228
4,36.0319
4,94.8039
4,211.356
4,46.5857
4,46.5619
4,31.2186
4,79.8038
4,75.3577
4,35.883
4,46.9911
4,75.4913
4,39.3043
4,44.0594
4,32.1601
4,39.3848
4,60.6741
4,123.493
4,67.5315
4,35.9763
4,39.5241
4,40.4512
4,59.5882
4,59.6018
4,43.4891
4,84.1007
4,71.5472
4,39.6125
4,32.5817
4,77.3145
4,50.2721
4,79.403
4,51.8
0,24.1241
4,39.8861
4,35.8776
4,67.4004
4,61.4699
4,67.385
4,35.8875
4,39.8999
4,35.4521
4,63.576
4,27.8741
4,36.0108
4,33.0605
4,71.9307
0,23.9804
4,91.6058
4,67.5233
4,39.8776
4,127.694
4,75.4251
4,71.7647
4,38.2823
4,43.6318
4,43.0908
4,72.7494
4,37.8773
4,67.4077
4,75.6826
144,20.1217
4,151.807
4,61.4918
4,38.0551
4,36.4248
4,79.1379
4,64.3289
4,56.1181
4,35.9427
0,3.93801
4,75.5923
4,38.5556
4,46.9153
4,131.87
4,47.041
4,37.4498
4,29.3438
4,41.4249
4,33.6738
4,83.3721
4,44.4821
4,83.3498
4,35.9138
0,15.8951
4,57.8457
4,105.355
4,24.0589
4,51.7089
4,44.4096
4,35.0497
4,75.6704
4,59.168
4,59.1907
144,16.0495
4,67.5599
4,90.9671
4,62.7528
4,35.6167
4,32.2563
4,74.8291
4,74.9926
4,71.682
4,36.0541
4,64.0597
4,64.1627
144,88.9629
4,63.54
4,63.6802
4,73.6555
4,30.4515
4,83.9657
4,40.0343
4,60.6754
4,39.1621
4,124.658
4,63.2264
4,67.8096
0,59.988
4,43.9421
4,116.288
4,36.8604
4,3.54688
4,99.2495
4,34.9052
4,62.5582
4,36.7816
4,111.75
4,31.4165
144,48.123
4,37.0705
4,44.4351
4,35.3522
4,79.5789
4,176.382
4,35.9548
4,43.9821
4,86.7627
4,59.4931
4,30.5933
4,47.2376
4,63.1353
4,63.2899
4,75.9339
4,68.7574
4,39.6273
4,28.763
4,84.0569
4,115.194
4,68.9597
4,59.6723
4,39.6011
4,38.1055
4,44.6697
4,91.1931
4,76.1214
0,36.2087
144,36.2164
4,51.8333
4,26.1618
4,19.9097
4,47.7029
4,15.6388
4,35.7821
4,71.9931
4,58.8351
4,91.9747
4,35.7065
4,44.0682
4,35.689
4,79.3449
4,55.5815
144,20.088
4,79.6275
4,35.7406
4,51.9563
4,123.634
4,67.9599
4,39.8327
4,114.269
4,63.3259
4,0.102598
4,79.6829
4,104.041
4,39.7188
4,70.0818
4,70.0306
4,53.0938
144,15.8395
144,12.246
4,51.1381
4,57.319
4,57.0927
4,87.6201
4,115.747
4,6.99829
4,63.974
4,48.0213
4,31.2482
4,53.1722
4,59.4191
4,11.8916
144,24.3475
4,89.893
4,24.0146
4,42.0553
4,43.7558
4,65.5864
4,51.9474
4,7.94837
4,61.4751
4,7.9227
4,38.8278
4,162.37
144,172.021
4,23.9329
4,163.126
4,42.9965
4,76.1052
4,30.9453
4,96.298
4,42.1049
4,27.7484
4,91.5295
4,35.6262
4,151.519
144,56.223
4,55.3745
4,75.9345
4,125.013
4,84.4928
4,41.351
4,63.6298
4,48.0814
4,63.9214
4,64.1141
144,3.65838
4,30.9473
4,63.4062
4,63.3862
4,47.761
144,0.034047
4,46.0678
4,55.4202
4,67.6184
4,139.562
4,67.6537
4,63.2868
4,82.3779
4,44.2983
4,36.0619
144,9.23298
4,63.1369
4,51.6919
4,79.2065
4,115.39
4,26.4468
4,75.5101
4,71.2862
4,75.8453
4,62.4518
144,11.7132
4,62.5963
4,23.64
4,67.0567
4,55.8705
4,130.128
4,8.52145
4,23.6069
144,15.9548
4,64.0008
4,47.1614
4,67.9737
144,11.9658
4,107.998
4,91.5701
4,59.7119
4,31.3289
144,7.90786
4,55.5908
4,52.0513
4,55.0993
4,68.1494
4,74.3345
4,63.9435
4,79.2464
4,51.318
4,37.5212
4,103.225
4,27.689
4,35.6752
4,63.9837
4,63.9426
4,121.471
4,37.265
144,26.5717
4,18.7344
4,43.9672
4,11.9569
4,51.5334
4,76.0317
4,31.5833
4,76.1124
4,163.631
4,67.9991
4,76.1051
4,39.5258
4,35.5846
144,15.971
4,71.772
4,67.1524
144,15.9843
4,32.74
144,284.084
4,47.8411
4,82.6658
4,95.3552
4,75.9798
4,40.0107
4,95.4223
4,60.0063
4,95.3432
4,83.3673
4,59.0461
4,38.729
4,32.8239
4,59.1805
4,28.2767
4,57.0392
4,167.614
4,57.15
4,32.0683
4,87.6648
4,87.6481
4,52.0835
4,79.2504
4,79.2453
4,79.4544
4,87.2847
4,87.205
4,42.9469
4,58.1486
4,47.0437
144,19.9857
4,49.2604
144,20.0054
4,99.1879
4,187.24
4,44.0905
4,63.2912
4,63.4388
4,63.4302
4,163.541
4,63.9808
4,50.9901
4,32.6473
4,32.8061
4,94.7084
4,79.0258
4,34.0263
144,3.98354
4,56.6426
144,0.250224
4,31.2799
4,7.32522
4,53.3897
4,72.0342
4,72.0159
4,21.3481
4,34.252
4,107.859
4,47.9813
4,63.6408
4,89.3986
4,215.629
4,75.9967
4,75.9903
4,49.5078
4,51.0975
4,65.3612
4,103.868
4,86.3912
4,98.0843
4,71.5508
4,57.9789
4,60.0535
4,56.0502
4,31.6303
4,42.7144
144,19.9659
144,19.9708
4,126.58
4,126.543
4,76.0731
4,55.7529
4,62.8916
4,55.5175
4,51.4271
4,47.9391
144,15.893
4,64.0168
4,0.73017
4,46.2685
4,103.591
4,51.6828
4,47.6434
4,123.98
4,66.578
144,299.268
4,66.5992
4,96.3118
4,67.9388
4,52.0103
4,28.7883
4,96.4754
4,120.586
4,47.2334
144,15.9319
4,51.5146
4,19.8733
4,48.0169
4,62.8244
4,30.5986
4,61.6509
144,7.96864
4,48.178
4,90.717
4,50.8196
4,90.7111
4,64.0362
144,24.0624
4,51.4864
4,51.5418
4,33.4684
4,66.3612
4,44.2663
4,48.0953
4,64.1549
4,124.866
4,84.6946
4,124.699
4,44.1396
4,10.2419
4,87.1761
4,98.6051
4,76.0239
4,55.9885
4,58.9317
144,88.1043
4,27.7595
4,51.364
4,58.8561
4,33.4279
4,48.0171
4,58.6814
4,51.035
4,67.9553
4,95.5888
4,68.0218
4,11.9963
144,64.0071
4,31.3035
4,35.0223
144,28.0166
4,32.6106
4,40.384
4,90.5544
4,163.015
4,47.5334
4,90.6644
4,44.0675
4,6.52077
4,20.1722
144,59.9762
144,60.0826
4,60.034
4,48.1451
4,157.421
4,79.9444
4,96.7634
4,137.908
4,51.2724
4,120.655
4,7.77813
4,95.863
4,149.616
4,71.4128
4,61.539
4,104.131
144,14.0402
4,45.2365
144,11.9742
4,72.9091
4,72.3277
4,47.9526
4,47.9873
4,117.644
4,128.089
4,60.1
4,60.0101
4,26.1877
4,42.903
4,219.379
4,52.0309
4,39.7155
4,68.1379
4,31.9907
4,95.5479
4,103.976
144,36.0393
4,50.2679
144,36.0283
4,92.0818
4,51.9874
4,63.6735
4,108.08
4,55.9306
4,159.593
4,122.023
4,71.8017
4,28.0569
4,83.7562
144,24.0199
4,71.0676
4,59.5132
4,63.339
4,56.0518
4,43.418
4,62.5793
4,54.9358
4,78.4028
4,38.9995
144,22.6978
4,59.7284
4,59.5145
4,55.982
144,77.68
4,75.8725
4,44.0565
4,38.7976
4,92.4055
4,31.7731
4,71.9197
4,51.6274
144,34.8509
4,87.6908
4,63.2577
4,55.0065
4,55.0412
4,56.1141
4,91.9455
4,47.8741
4,31.6682
4,63.4365
4,76.013
4,43.8284
4,11.7307
4,99.5235
4,83.8634
4,68.4266
144,32.1331
4,23.5903
4,75.2966
4,75.1514
144,20.1818
144,0.042413
4,59.7866
4,44.136
4,75.9685
4,104.156
4,40.0626
4,103.989
4,47.3985
4,54.7899
4,57.1895
4,31.9684
4,86.9525
144,41.9706
4,31.9188
4,60.7206
4,46.8781
4,116.009
144,33.2257
4,24.9235
4,196.848
4,55.9117
4,52.0712
4,71.9032
4,70.3936
4,39.2787
4,41.2338
4,79.9535
4,38.2344
144,15.3648
4,32.8197
4,80.0568
4,62.1563
4,31.1067
4,126.511
4,49.6994
4,56.1223
4,91.5984
4,192.455
4,100.676
4,100.546
4,72.1431
4,50.3842
4,51.6236
4,75.9663
4,31.9487
4,70.569
4,56.0202
144,13.7564
4,32.362
4,32.8259
4,62.8717
144,0.467321
4,48.0582
4,27.2677
4,47.6803
144,35.9694
4,163.117
4,58.3807
4,58.3399
4,50.6544
4,68.0008
4,7.26321
4,7.9327
4,111.654
4,48.1649
4,47.5916
4,65.9303
4,53.6313
4,163.907
144,91.703
4,50.7112
4,50.8149
4,43.9218
4,63.9266
4,6.65024
4,47.9562
4,55.3484
4,31.8547
4,36.0005
4,135.917
4,39.5828
144,20.0139
144,19.9677
4,150.965
4,54.312
4,39.847
4,55.9975
4,71.6622
4,55.9417
4,71.9731
4,71.98
4,139.711
4,56.0126
4,7.9791
4,57.8737
4,58.4127
4,58.6403
4,58.8065
4,59.9995
4,47.6511
144,107.96
4,47.9799
144,111.729
4,68.0148
4,0.306785
4,43.2994
4,47.3817
4,15.9773
4,19.9191
4,66.972
4,59.311
4,40.0486
4,84.0402
4,90.5874
4,90.5904
4,90.6934
144,7.96791
4,75.9259
4,91.9374
4,52.7207
4,16.0162
144,15.9406
4,48.7779
144,16.0151
4,51.4609
4,50.9926
4,75.4381
4,43.2913
144,0.744742
4,47.5796
4,0.187194
4,63.8844
4,11.2386
4,84.0429
4,103.383
4,27.9487
4,138.603
4,138.769
4,28.7316
4,56.2568
4,79.55
4,94.3299
4,44.0747
4,31.3694
4,80.001
4,104.08
4,44.4282
4,104.378
4,39.8667
4,111.583
4,68.0687
4,59.8196
144,135.369
4,59.7914
4,120.404
4,50.7955
144,75.9356
4,43.9462
4,57.1432
4,77.3204
4,47.959
144,77.4098
4,33.5168
4,25.5196
4,77.356
4,37.1003
4,11.3261
4,55.657
4,67.7265
4,67.8851
4,96.3911
4,32.0557
4,91.9625
4,63.694
4,11.9331
144,11.9349
4,142.342
4,60.1101
4,83.5893
4,36.5086
144,9.951
4,97.5903
4,28.9759
4,98.0018
4,55.3857
4,76.0685
4,60.1095
4,40.0044
4,29.0774
4,38.8908
4,36.1094
4,35.6343
144,11.8572
4,139.951
4,124.911
4,47.6673
4,70.7411
4,75.9253
4,147.604
4,59.8272
4,39.4572
144,11.781
4,90.5627
4,90.6381
4,162.848
4,1.06754
4,83.9662
4,50.9375
4,223.237
4,51.192
4,131.793
144,55.3524
144,3.98392
4,53.681
4,53.6585
4,55.7807
4,219.54
4,27.958
4,103.972
4,60.1785
4,62.5335
4,70.4658
4,64.0126
4,31.9717
4,167.098
4,120.122
4,27.8907
144,15.958
4,55.4778
144,16.1152
4,52.2694
4,44.1165
4,44.1707
4,57.109
4,57.2287
4,239.175
4,50.8541
4,63.9258
4,47.2452
4,0.416115
4,42.907
4,65.2536
4,35.9587
144,11.9963
4,187.719
4,35.4458
4,43.968
4,37.2363
144,7.9585
4,114.296
4,50.7966
4,63.5266
4,75.9555
4,203.386
4,11.9154
4,19.8967
4,67.891
4,51.9325
4,139.114
4,42.8187
4,103.852
144,11.886
4,77.9749
4,77.9789
144,80.062
4,71.9226
4,55.9059
4,56.0021
4,54.4332
4,71.9245
4,107.353
144,8.07541
4,59.3374
4,139.568
4,46.245
4,84.4496
4,60.4814
4,34.5549
4,7.84759
4,64.5255
144,20.3481
4,43.403
4,45.6136
4,46.9567
4,17.8655
4,55.8576
4,71.8398
4,43.9332
4,188.064
4,83.7577
4,43.6536
4,31.9671
144,9.34007
4,154.08
4,69.7087
4,69.7894
4,14.5657
4,15.4268
4,54.8944
4,1.12645
4,63.975
4,7.43437
144,7.07114
4,50.7383
4,35.9409
4,68.5962
4,51.3861
4,67.9435
4,51.9249
4,64.8774
4,88.4703
4,120.764
4,16.0614
144,0.065503
4,31.8903
144,3.94062
4,123.849
4,75.7703
4,48.2582
4,7.94224
4,124.273
4,31.2051
4,99.9866
4,59.728
4,34.7596
4,34.2252
4,32.4319
4,64.0535
4,83.1545
4,34.1001
4,71.153
144,27.9678
4,31.9629
4,91.0842
4,63.9405
4,57.6018
4,127.522
4,324.746
144,19.9895
144,19.9974
4,151.431
4,151.519
4,46.1973
4,120.052
4,31.5046
4,16.204
4,115.762
4,39.617
4,96.0972
4,36.2955
4,31.4601
4,71.6591
4,42.4023
144,32.2342
4,43.109
4,63.5149
4,44.3869
144,33.7734
4,67.9095
4,35.7741
4,59.9795
4,115.032
4,46.9867
4,51.4206
4,51.9673
4,66.6266
4,32.9632
4,79.6683
144,0.723592
4,28.7589
4,11.9499
4,27.9678
4,44.7096
4,74.8774
4,135.929
4,43.2735
4,11.7226
4,15.7916
144,31.9536
4,153.954
4,79.9686
144,37.3637
4,65.3476
4,31.1025
4,34.7237
4,43.1215
4,104.36
4,59.9726
4,116.045
4,35.8795
4,6.03967
4,67.5374
4,79.2089
4,51.9334
4,47.8053
4,35.7079
4,30.5429
4,99.5294
4,91.5506
4,91.6415
4,23.9606
4,51.0977
4,87.7631
4,76.2515
4,63.0561
4,188.07
4,63.2662
4,27.978
4,39.8375
4,6.31164
4,51.429
4,23.7391
4,127.207
4,127.169
4,12.3232
144,67.9549
4,60.0088
144,11.9974
4,118.712
4,48.9768
4,111.455
4,42.8276
4,111.439
4,47.921
4,111.433
4,64.0635
4,111.416
4,31.5817
4,79.6978
144,9.17471
4,39.4334
4,105.067
4,105.049
4,105.173
4,35.9215
4,51.3512
4,63.3573
4,63.5868
4,52.4167
144,7.85676
4,98.0048
4,150.035
4,44.0692
4,83.2319
4,65.0945
4,59.4082
4,84.7062
4,75.8929
4,157.391
4,59.4586
4,83.4564
4,71.8403
4,32.0515
4,68.0925
4,128.054
4,91.3784
4,91.5201
4,39.8756
144,19.9967
144,19.9954
4,95.2235
4,95.3022
4,187.536
4,80.0278
4,27.3875
4,9.52047
4,55.8919
4,108.454
4,62.364
4,31.9583
4,165.427
4,51.0869
4,35.1416
4,56.0031
4,43.9349
4,38.1937
144,23.9913
4,98.7445
4,98.8374
4,54.9164
4,35.9536
4,35.8245
4,47.1423
4,27.9829
4,199.581
4,103.615
4,88.0316
4,69.6609
4,57.735
4,39.885
4,7.99103
4,7.94575
144,3.95927
4,100.092
144,39.9992
4,39.4677
4,112.137
4,11.9293
4,112.071
4,32.597
4,80.0197
4,41.935
144,31.2786
144,31.4157
4,107.812
4,7.77473
4,21.316
4,6.65748
4,165.724
4,103.511
4,75.2042
4,47.4608
4,87.9574
4,107.831
4,35.792
4,35.4736
4,81.0022
4,42.1066
4,126.952
4,34.7753
144,16.1085
4,27.9597
4,55.0228
4,59.8439
4,47.0118
4,92.1577
4,4.42559
4,33.9817
4,60.1886
4,31.2073
4,89.739
144,48.0492
4,58.9487
4,115.331
4,62.3997
4,295.842
4,62.225
144,23.7388
4,45.5694
4,62.8006
4,31.8928
144,46.3597
4,39.6523
4,27.3185
4,35.5468
4,32.7706
4,51.2676
4,72.0169
4,39.6258
4,46.9323
4,20.3889
4,67.6036
4,5.5916
144,24.0196
4,5.75018
0,15.8029
4,15.9457
4,35.3919
4,51.943
4,83.7011
4,28.3215
4,27.5723
4,76.0471
144,18.5325
4,39.571
4,45.9162
4,31.4555
4,28.048
4,64.1609
4,61.8354
4,48.2597
4,31.5443
4,35.9452
4,44.0876
0,15.7681
4,64.1467
4,9.08542
4,29.4602
4,30.4256
144,19.7637
4,35.7702
4,35.5365
4,58.0706
4,83.7614
4,19.1289
4,29.5857
4,75.2449
4,43.7902
4,50.9999
4,63.2163
4,63.2152
4,83.5805
4,119.561
4,51.664
4,63.5888
4,35.6145
4,56.7073
4,58.9699
4,53.3152
4,35.482
4,31.683
144,3.17383
4,48.0066
0,3.17119
4,65.421
4,47.9723
4,67.9705
4,15.9733
4,78.7653
4,62.7675
4,80.8529
4,32.7726
4,63.2395
4,31.9063
4,63.2883
4,103.537
0,20.0315
4,62.4478
4,27.619
4,62.3588
4,79.6088
4,51.1253
4,23.9422
4,29.0559
4,51.9129
4,3.92102
144,50.4967
4,84.02
4,47.7069
4,50.599
4,83.9806
4,59.9841
4,71.4324
4,46.5349
4,71.5103
4,44.1194
4,29.8874
4,51.9582
4,107.95
4,33.3668
4,71.6017
4,94.99
4,67.5333
4,78.0369
4,68.0136
0,23.9508
4,55.0933
4,59.2824
4,53.5995
4,67.9508
4,30.6699
4,54.4165
4,51.9741
144,15.9517
4,163.748
4,59.4019
4,75.42
4,18.8096
4,227.574
4,81.687
4,140.152
4,59.6931
4,35.3914
4,35.3492
144,10.1046
4,35.7915
4,31.7503
4,67.4716
4,47.5143
4,25.8508
4,67.5912
4,45.1676
0,15.9537
4,24.5266
4,47.9476
4,47.2227
4,37.7915
4,63.9706
4,47.4728
4,52.0323
4,63.6279
4,35.405
4,52.1207
4,63.8748
4,31.869
4,80.106
4,38.5216
4,80.2072
4,59.4348
4,43.0472
4,59.6158
4,79.0887
4,40.0297
4,63.2243
4,55.8602
144,26.8508
4,139.518
4,63.8665
4,75.3491
4,35.8809
4,14.6486
4,90.624
4,47.8931
4,35.2161
4,63.6366
4,79.621
4,47.9509
4,63.5665
144,18.0751
4,86.7787
4,87.5157
4,32.0602
4,63.4842
144,46.8254
4,10.0109
4,67.3236
144,31.3646
4,131.477
4,67.3857
4,31.9363
4,46.9117
4,47.1875
4,148.514
4,67.8312
4,52.0665
144,27.6201
4,55.4356
4,27.8676
4,9.24396
4,53.7005
4,45.4341
4,32.727
4,39.2937
4,123.3
144,21.8628
4,71.9216
4,71.9881
4,35.9982
4,56.3457
144,28.8533
4,64.28
4,46.4309
4,66.3018
4,53.8953
4,40.7303
4,59.6434
4,115.62
4,115.905
4,43.4633
4,120.766
4,47.955
4,10.9436
4,87.3094
4,6.89454
4,58.5733
4,146.808
4,35.6949
4,87.5879
4,63.5394
4,63.5076
4,111.97
144,20.7073
4,44.3801
144,47.4163
4,39.0053
144,30.8133
4,99.9278
4,50.5613
144,20.7419
4,49.531
4,73.017
4,75.2429
4,51.2033
4,67.221
4,55.2489
4,36.8033
4,84.0223
144,29.1688
4,43.9081
144,31.5874
4,35.9894
4,216.072
4,43.9698
144,42.1324
4,99.0065
144,20.1214
4,6.90595
4,90.2325
4,132.072
4,38.9462
4,43.9224
144,21.2011
4,7.96258
144,29.8257
4,67.9874
4,3.94562
4,27.7808
144,30.3834
4,41.5773
4,56.0555
144,24.1512
4,48.4474
144,14.7509
4,43.8762
144,31.7861
144,24.0405
4,224.026
144,28.607
4,76.068
4,43.8724
144,13.7416
144,32.1866
4,171.985
4,43.9346
144,31.0796
4,47.9762
144,28.5482
4,51.995
144,32.4835
4,43.9275
144,20.8812
4,183.983
144,38.6875
4,44.0216
144,18.6582
4,47.983
144,32.6898
4,31.2846
144,27.8459
4,31.2779
144,29.8097
4,36.0416
144,32.5061
144,13.5947
4,148.005
4,39.9828
144,31.5451
4,40.046
144,17.8552
144,29.2429
4,86.4786
144,40.011
4,43.9764
4,96.3219
144,26.3963
4,39.9842
144,28.3208
144,14.9723
144,19.7588
4,82.5285
4,47.9805
4,112.521
144,19.7301
4,16.1978
144,35.0763
4,40.0157
144,23.993
4,51.9043
144,21.9159
144,25.9266
4,51.9326
144,29.7205
4,39.9879
144,26.0107
4,139.984
4,186.754
144,19.7167
144,22.144
4,4.72727
144,40.8783
4,31.4181
4,140.095
144,44.7796
4,196.045
144,26.5077
144,19.0967
4,23.981
4,115.983
144,40.5026
144,20.1334
4,51.9883
4,48.0143
4,12.1309
144,23.1415
144,31.154
4,48.017
144,15.7417
4,44.5024
144,41.3289
4,47.9759
144,30.3398
144,28.5496
4,39.9836
144,27.7562
4,43.9817
144,32.5368
4,52.5491
4,56.0023
144,20.903
144,21.0245
4,43.8774
0,14.8189
4,36.0675
4,41.8736
0,30.176
4,111.956
4,36.7038
4,43.7784
144,23.1578
0,13.9511
4,67.7405
4,43.9535
4,56.0572
4,43.7576
4,35.7735
4,33.165
144,22.657
4,75.6447
4,39.2361
4,39.7413
4,51.6782
144,16.3216
4,43.9834
4,39.6069
4,75.7042
144,42.0434
144,28.0009
144,14.6059
4,39.9149
4,84.1767
4,35.7545
4,47.3258
4,59.8329
4,147.411
4,47.3734
4,64.004
4,6.0866
0,14.5058
144,55.1425
4,76.0464
4,43.9822
4,11.9672
4,43.7189
4,11.3548
0,38.8809
4,38.4055
4,43.7436
4,75.3393
4,39.5576
4,47.3505
4,25.9654
0,30.9068
4,32.3821
4,42.1278
144,25.826
4,72.404
4,59.7242
4,29.462
4,39.8082
4,43.8621
144,22.3713
4,39.6858
144,14.8247
4,51.9448
4,126.554
4,71.8767
4,35.2979
4,91.9711
4,43.7351
4,95.2146
4,47.6247
144,30.8991
4,47.9717
144,24.0772
4,55.376
4,55.6398
4,31.9824
4,9.85616
4,71.9524
4,56.006
4,18.9798
144,53.4262
0,38.9987
4,35.2212
4,39.4729
4,59.9955
4,111.43
4,47.9203
0,18.0683
4,57.7047
4,43.8262
4,60.156
4,44.529
4,59.8829
4,46.5853
4,33.1057
4,43.6869
0,30.0988
4,75.7849
4,67.6159
4,44.7211
4,27.682
4,41.8427
144,25.2795
144,23.8173
4,43.9853
4,51.8142
4,39.5508
144,30.1291
4,55.6573
4,71.9487
4,58.6976
4,103.304
4,35.7329
4,87.2814
144,41.5729
4,61.9813
144,13.5544
4,44.0471
144,18.0788
4,55.5911
4,109.452
4,63.9867
4,28.0462
4,50.221
0,34.1761
4,51.6048
4,71.5173
4,111.43
4,59.9733
4,80.0225
4,39.7355
4,11.9316
4,112.068
0,17.1288
4,114.885
4,55.4455
4,114.791
4,63.9354
4,47.9999
4,51.975
4,55.7375
4,66.8726
4,67.4255
4,95.6039
4,35.5004
4,95.7132
0,15.1728
4,31.7241
4,28.6011
4,50.3341
4,42.8837
4,67.96
4,52.0153
4,43.7235
4,35.4367
4,31.5095
144,17.9904
4,43.4114
4,75.2541
144,20.1388
4,49.8787
4,47.9142
4,79.8571
144,33.621
4,55.9748
4,48.5492
4,72.0318
4,46.3611
4,39.9348
4,97.9256
4,36.1733
4,68.1038
4,91.7472
144,21.5482
4,47.4985
4,39.9672
4,56.102
144,38.4233
4,55.1936
4,38.7013
4,43.6012
4,51.9597
144,19.3788
4,67.9867
4,47.4647
144,16.5431
4,135.921
4,67.132
4,47.4912
4,48.057
4,154.073
4,106.463
4,68.0478
4,103.93
4,60.0542
4,23.8575
144,18.3789
4,47.2935
4,43.3022
4,76.1446
4,31.6382
4,75.6529
144,21.0294
144,26.8693
144,28.2735
4,46.7379
4,107.224
4,43.9512
4,71.9755
4,36.9585
4,51.2193
4,67.8584
4,7.94311
144,30.4021
144,18.674
4,15.9877
4,71.903
144,35.0349
4,52.0634
4,60.0091
4,120.076
4,88.9406
4,66.4096
144,17.1262
144,24.9281
4,39.9566
0,26.0807
4,36.759
4,31.8781
144,26.6375
4,39.7494
0,21.5066
4,43.982
4,31.8447
4,31.6002
0,19.4573
4,107.779
4,35.4366
4,44.1359
4,31.4994
4,47.6129
144,16.2317
144,23.1153
4,39.0326
4,71.5735
4,39.742
4,32.1097
4,23.9886
144,18.9092
4,51.6654
144,14.4328
4,107.676
4,67.4013
4,51.5198
4,47.3743
4,79.9951
4,63.8616
4,15.899
144,20.5103
4,29.4942
4,31.0296
4,35.6121
4,72.6419
4,43.7452
4,35.7414
0,27.65
144,12.0996
4,43.599
144,27.1888
4,11.3874
4,62.186
4,123.978
4,39.7868
0,42.8647
4,40.117
4,200.082
4,31.9525
0,13.6065
4,56.0805
4,196
4,36.0069
4,131.822
4,39.6964
4,47.7284
4,59.9941
4,43.9048
4,51.5941
144,19.6242
4,51.7685
144,16.8936
4,99.9833
4,39.3591
144,28.6829
4,87.3214
4,39.7451
4,54.3685
4,39.6323
4,44.1519
4,48.1635
4,64.0682
144,19.9987
4,40.3128
144,14.4458
4,106.323
4,55.2577
4,63.9559
4,84.0134
4,35.6362
4,67.9668
144,14.6937
4,34.1857
144,28.4254
4,23.9495
4,82.2257
4,38.453
4,58.9834
4,50.8354
4,264.013
4,31.7809
4,31.3321
144,30.45
4,24.1701
4,27.5549
4,119.382
4,39.5364
144,23.0558
144,23.8673
4,55.4919
4,43.8376
4,39.9858
144,28.9053
4,54.7148
4,87.9468
4,103.953
144,30.4573
4,47.9563
4,127.986
144,31.3102
4,39.9186
4,107.949
4,38.4957
144,31.1113
4,43.9538
144,15.397
4,54.3537
4,48.1033
4,64.1617
4,46.9331
144,17.8424
4,84.0004
4,135.902
4,75.9565
144,21.8565
144,35.1537
4,8.00478
4,32.0253
144,14.9247
4,45.7995
4,43.9444
4,15.9607
144,30.4412
144,37.2913
4,36.7476
4,3.98778
144,20.2873
144,35.1887
4,40.165
144,31.8958
144,25.5508
4,56.0229
144,32.5628
4,51.9654
4,111.988
144,24.3241
144,54.7061
4,47.9796
144,28.5283
4,43.7965
4,48.0333
144,34.3046
144,41.2242
4,43.9743
144,22.2613
4,35.952
4,55.9794
144,15.1165
4,9.31002
144,22.2345
4,108.155
144,26.5283
144,27.2717
4,37.1534
4,32.0302
144,42.5484
4,37.8017
144,30.5484
144,42.3617
144,30.7822
4,5.79132
4,132.027
4,26.2367
144,39.9367
4,51.9941
144,16.0556
144,17.5562
4,87.8025
4,111.807
144,40.5591
4,43.9818
144,23.4913
4,59.9279
144,42.4696
144,17.6298
4,139.941
144,39.1859
4,112.099
4,43.9932
144,16.4023
4,43.9793
144,39.1699
144,34.1164
4,0.428657
4,43.9826
4,34.0106
144,47.6892
144,28.7014
4,39.9381
144,26.4384
144,27.1816
4,111.994
4,48.0103
144,17.8604
144,20.5714
4,11.9457
4,49.4687
144,22.7378
4,95.9955
144,30.7734
144,16.9478
4,172.005
4,175.977
144,30.771
4,128.029
144,28.0006
144,42.3749
4,35.9799
144,21.7627
4,28.1679
4,39.9819
144,28.6052
4,39.9993
144,18.9212
4,39.7914
144,14.729
4,55.0757
