4,49.4313
144,24.3241
144,70.4447
4,47.3726
144,20.5865
4,88.1612
4,33.4282
4,27.6325
144,18.943
4,120.176
4,55.8079
144,49.3062
4,128.1
4,48.6806
4,128.196
4,114.419
4,128.212
4,24.7957
4,128.202
4,28.0901
4,160.828
4,55.9718
4,61.7925
4,44.9816
144,64.7956
144,95.9404
4,66.953
144,37.6481
144,37.6525
4,41.5395
4,39.6974
144,25.2904
144,13.0089
4,38.6573
144,12.7413
4,43.9827
144,12.6081
144,13.7175
4,40.3923
144,13.8281
4,75.6335
4,44.3715
4,40.2085
144,26.841
144,14.1005
4,44.0854
4,43.9796
144,14.3489
4,36.3295
144,12.794
4,47.0392
144,14.284
144,15.2571
4,41.6429
4,29.6542
4,52.5741
4,25.025
0,32.3937
4,18.8417
4,13.0598
4,13.5573
144,17.8805
4,17.8541
0,2.66466
4,29.0458
4,34.8137
4,28.2998
4,116.209
0,42.8296
4,29.4362
4,37.2308
4,25.1267
4,31.5755
4,12.1585
4,69.01
4,76.3992
4,23.6433
4,45.4423
4,4.0647
4,15.401
0,15.52
4,45.4764
0,51.6816
4,10.0952
4,0.189595
4,1.04004
4,35.9807
4,28.0386
4,0.116093
4,36.6519
4,27.3644
4,14.665
4,0.792827
4,34.4163
4,30.4249
4,50.4728
4,86.7723
4,1.0999
4,52.1136
0,30.056
144,30.1525
4,0.247302
4,83.6132
4,31.524
4,93.4425
4,41.674
4,46.3051
4,47.8664
4,28.5238
4,39.8064
4,20.0561
4,43.7597
4,25.8448
4,0.317725
4,1.14251
4,50.8822
4,47.0897
4,37.1623
4,40.4077
4,27.8751
4,44.5812
4,52.3391
4,34.4087
4,32.689
4,70.2502
4,65.7253
4,56.0347
4,38.7269
4,122.713
4,42.9389
4,55.9602
4,56.1174
144,11.984
144,11.9853
4,83.8017
4,83.7594
4,45.3472
4,41.5183
4,39.8458
4,34.5079
4,58.4844
144,19.9683
4,47.7481
4,116.627
4,59.2778
4,29.6473
4,44.2303
4,57.3784
4,29.7577
4,112.095
4,42.0137
4,35.7331
4,107.973
4,123.83
4,110.214
4,43.8827
4,34.363
4,27.5864
4,35.8905
4,58.9185
4,7.60022
4,8.82146
4,100.004
144,47.9833
4,33.1085
4,57.616
4,71.5964
4,86.5884
144,20.0993
4,71.8689
4,38.9807
4,59.9727
4,114.54
4,46.7704
4,47.9233
4,127.521
4,57.5255
4,109.949
4,13.511
4,48.0975
4,119.498
4,61.9893
4,59.9947
4,61.9316
4,32.0176
4,83.443
4,7.86681
4,71.9419
4,47.9564
4,39.4971
4,67.5315
4,51.8837
4,67.7845
4,45.7421
4,37.5968
4,39.523
4,91.8226
4,62.3773
4,39.6412
4,51.7707
4,63.06
144,24.3497
4,42.6764
4,63.4192
4,34.5931
144,11.9535
4,118.564
4,117.833
4,44.0412
4,51.6514
4,60.6547
4,34.3531
4,71.8687
4,42.7556
4,27.0957
4,35.0342
4,82.5289
4,34.8976
4,43.5848
4,24.2934
4,189.82
4,54.0283
4,89.671
4,36.0845
4,37.3424
4,40.7462
4,47.9163
4,2.77325
144,3.49549
144,132.058
4,19.8763
4,52.0111
4,38.0655
4,17.3569
4,31.5332
4,11.8107
4,11.8526
4,77.4217
4,0.057047
144,24.0045
4,65.4541
4,40.0234
4,0.084846
4,59.7575
4,75.7819
0,20.1238
4,39.3444
4,43.9763
4,43.6882
4,111.582
4,50.8278
4,96.0073
0,20.1316
4,47.1101
144,39.8363
4,7.2925
4,7.26686
4,39.6445
4,99.4053
4,99.8107
4,43.6624
4,31.7382
4,80.1575
4,71.492
4,78.8989
0,27.533
4,32.3109
4,31.5568
4,60.1283
4,47.5536
0,17.7269
4,33.0104
4,67.6777
4,100.075
4,44.0107
4,31.8333
144,89.0528
4,32.2524
4,35.5449
4,72.0144
4,51.5913
0,23.8776
4,104.19
4,31.9439
4,35.2204
4,39.9727
4,36.0173
4,35.2676
144,52.0835
4,42.8343
4,47.6585
144,12.0934
4,51.5979
0,23.786
4,71.6695
4,47.9185
4,227.666
4,51.9773
4,63.7718
4,49.1368
4,67.9805
4,35.2785
4,51.6669
4,87.388
4,78.7631
4,32.1926
4,63.5109
4,75.6623
144,20.0421
4,43.912
4,67.876
4,31.4665
4,103.458
4,40.1284
4,18.3229
4,35.6071
4,35.3256
4,31.868
4,39.8307
4,44.9611
144,23.9073
4,75.6989
4,43.579
144,39.9837
144,24.0189
4,51.8989
4,39.9816
4,31.4166
4,51.9531
144,48.0789
4,71.7937
4,35.9476
4,47.5275
4,94.9259
4,63.3142
4,159.534
4,79.8068
144,3.9649
4,54.6605
4,91.883
4,131.585
4,163.414
4,94.5953
4,80.173
4,47.9321
4,76.0017
4,35.1116
4,92.0083
4,87.7221
4,37.1063
4,39.0397
4,36.0203
4,75.6129
144,40.0011
4,76.0138
4,11.9594
4,52.0395
4,75.8161
4,43.3416
4,99.5671
4,39.9421
4,63.6019
4,36.0671
4,45.0824
4,86.3669
4,15.9686
4,87.2502
4,95.9659
4,33.0183
144,33.1584
4,33.0705
144,33.1652
4,154.669
4,53.1585
4,54.5338
4,68.0603
4,52.4793
4,51.9994
4,29.438
4,31.6138
4,35.0544
4,66.4837
4,51.4085
4,32.0507
144,67.4427
4,39.9077
4,68.0252
144,67.4431
4,55.4227
4,175.709
4,31.6254
4,43.8463
4,178.192
4,31.0083
4,41.8165
4,63.9266
4,70.542
4,39.6064
4,109.239
4,37.6198
4,187.751
4,60.1865
4,55.8689
144,24.0138
4,111.731
4,120.972
4,43.72
4,12.036
4,27.8923
4,42.6537
4,57.234
144,57.3623
4,65.3102
4,28.0148
144,35.8964
4,31.8555
4,111.774
4,43.0227
144,19.8357
4,51.863
4,36.2162
4,39.0922
4,43.8179
4,107.435
4,36.1225
4,40.7047
4,46.6169
4,43.8545
4,32.1458
144,23.9878
4,59.747
4,35.8657
4,59.9813
144,19.9004
144,19.9636
4,111.788
4,51.8835
4,36.1355
4,59.7402
4,28.0457
4,47.2886
4,43.765
4,43.8638
4,175.961
4,39.8476
4,39.9115
144,23.7219
4,55.8764
4,39.99
4,83.7722
4,55.1457
4,39.7996
144,23.8677
4,59.8481
4,51.8721
4,54.2067
144,19.9762
4,55.7234
4,43.986
4,50.7956
4,31.5893
4,129.592
4,56.0492
144,24.0137
4,36.2144
0,32.1009
144,32.1643
4,39.7342
4,114.914
4,51.9995
4,63.9837
4,45.1388
4,43.7968
0,22.5962
4,50.5007
4,31.6953
144,19.5941
4,51.8703
4,55.9836
4,43.7217
4,16.1701
4,55.7095
4,31.6067
4,75.7016
4,35.8997
4,123.804
4,59.7288
0,23.9895
4,52.0014
4,106.414
4,37.0599
4,32.9857
4,83.7886
4,35.803
4,35.6751
4,51.7453
4,31.649
4,47.9681
144,20.0536
4,35.732
4,43.9495
4,26.8038
4,43.6005
4,41.9575
4,144.436
4,35.3409
4,77.1246
144,37.7597
144,24.0321
4,39.9845
4,55.6784
0,23.583
4,40.0021
4,42.8389
4,51.8475
144,23.9918
4,51.6956
4,42.2045
4,47.7351
4,67.959
4,54.8666
4,51.7217
0,24.0142
4,55.8509
4,44.116
4,51.687
4,95.4049
4,40.6957
0,20.7548
4,75.9067
4,52.0272
4,94.7854
4,38.7214
4,43.9612
4,39.8193
4,55.8932
4,43.8017
4,43.7978
4,43.6999
4,31.1757
4,35.9108
4,35.0413
4,43.7401
4,34.6974
144,78.6707
4,43.6887
4,119.692
4,39.142
4,35.8319
4,38.7803
4,64.0024
4,75.5881
4,35.9231
4,43.4622
4,40.5774
4,31.889
4,47.6934
4,47.781
4,41.0817
144,39.9513
4,77.5076
144,40.0027
4,31.6044
4,51.8265
144,19.9581
4,71.7092
144,39.8304
4,46.273
4,36.3577
4,31.3578
4,51.3342
4,6.80476
4,68.3724
4,52.5336
4,41.82
4,47.048
4,123.789
4,104.08
4,31.5907
4,32.1735
4,30.6895
4,63.8811
4,55.7496
4,59.9751
4,67.9035
4,43.6704
4,39.8773
4,39.9162
4,16.7292
4,51.7316
4,51.6484
4,19.9158
4,71.8136
4,51.6828
4,47.6876
4,9.22677
4,120.001
4,91.954
4,64.2442
4,55.8812
144,23.9383
144,107.993
144,107.949
144,24.0494
4,71.4225
4,87.2936
4,35.6918
4,30.6121
4,78.5691
4,33.1926
4,35.2988
4,55.3342
4,31.9129
4,59.4875
4,99.8087
4,75.8735
4,35.8675
4,27.9628
4,7.67285
4,39.954
4,28.7617
4,113.024
4,7.66886
4,7.96741
4,83.6583
144,24.09
4,83.983
4,40.1085
144,27.9447
4,119.479
4,104.023
144,28.078
4,36.1625
4,79.79
4,67.9178
4,71.9922
4,29.7173
144,17.8119
4,75.2276
4,60.3184
4,51.9537
4,76.0697
4,46.6544
4,31.5145
4,127.437
4,64.1142
4,52.1298
4,15.9042
4,33.519
4,63.1202
4,63.1181
144,16.0402
4,87.4773
4,51.9712
4,159.466
144,16.232
144,32.5688
4,68.5557
4,87.8236
4,48.3873
4,35.8171
4,51.5266
4,86.8442
4,47.8426
4,99.4404
4,187.994
4,32.874
4,47.1015
4,67.8168
4,75.2429
4,79.2499
144,79.9924
4,15.9399
4,7.96834
4,147.717
4,43.6734
4,35.6258
4,82.5955
4,166.835
4,86.8468
4,35.9283
4,59.9997
4,49.0882
4,64.8718
4,24.2162
4,48.0167
4,59.257
4,131.436
4,59.7303
4,246.848
144,75.9832
4,43.9846
4,75.3409
4,60.0877
4,36.0364
0,3.96192
144,3.96546
4,48.2279
4,243.457
4,35.6755
4,103.915
4,40.8453
4,34.6014
4,63.9103
4,39.8143
4,83.791
4,39.0012
4,42.9507
4,39.8359
0,111.581
4,43.7421
4,43.7917
4,112.117
4,47.7389
4,58.9574
4,47.8683
4,59.0616
4,35.9092
4,67.7136
4,71.3843
4,39.6353
4,79.9012
4,35.848
4,24.2256
4,46.6155
4,31.4083
4,36.9037
4,32.24
4,91.5073
4,46.7027
4,31.2436
4,35.97
4,36.0928
4,28.0057
4,35.9143
4,68.6966
4,59.3654
4,35.5379
4,59.3467
4,35.678
4,63.8588
4,36.6145
4,30.9629
4,110.158
4,61.838
4,91.6418
4,35.9478
4,49.6145
4,32.7552
4,68.6831
4,42.811
4,40.0648
4,52.9307
4,34.3886
4,83.7087
4,35.6993
4,35.9755
4,79.7382
4,31.7635
4,39.6929
4,35.907
4,215.574
4,68.0871
4,67.3079
4,167.47
4,40.0875
4,35.6522
4,31.9252
4,131.969
4,99.7819
4,114.406
4,59.2038
4,75.4444
4,59.1862
4,43.6575
4,35.7507
4,43.7798
4,75.6425
4,43.9714
4,39.8474
4,87.6664
4,43.7862
4,39.9567
4,67.8975
0,23.989
4,87.381
4,56.0544
4,47.9673
4,59.1845
4,43.6632
4,59.3683
4,37.5353
4,25.9816
4,56.1226
4,38.375
4,95.5169
4,35.8758
4,37.3347
4,115.884
4,41.9097
4,11.9422
4,92.3993
4,35.9052
4,42.9228
4,43.5823
4,36.5579
4,158.851
4,119.785
4,39.8847
4,43.8226
4,135.933
4,36.0306
4,43.6502
4,51.6587
4,43.7368
4,23.8949
4,55.2524
4,38.2274
4,71.6997
4,39.7325
4,35.7758
4,47.7726
0,15.9378
4,39.7641
4,62.847
4,62.8439
4,179.725
4,43.8139
4,39.9262
4,99.7418
4,43.9208
0,15.9811
4,71.3505
4,58.0688
4,39.8452
4,71.8882
4,28.0332
4,31.7394
4,83.8877
4,19.9829
4,107.629
4,47.7261
4,55.8513
4,55.4131
4,32.1672
4,35.865
4,32.4112
4,35.1847
4,31.9938
4,79.9581
4,35.6704
4,39.8469
4,39.7213
4,32.9876
4,34.5481
4,88.178
4,43.5536
4,79.0268
4,79.6306
0,24.5693
4,131.759
4,39.5012
4,67.3125
4,87.3236
4,54.8561
4,35.8231
4,47.9326
4,37.0474
4,34.0458
4,42.4467
144,3.97525
4,119.404
4,28.0672
4,73.5888
4,43.893
4,79.3637
4,47.2656
0,20.1215
4,32.0969
4,67.3863
4,43.9761
4,31.1756
4,51.179
4,43.7181
4,71.6331
4,35.6146
4,109.299
4,76.6206
4,87.8478
4,71.6612
4,35.8664
4,63.8855
4,78.7205
4,83.631
4,67.7901
4,32.1319
4,39.6564
4,19.7288
4,52.1163
4,36.0843
4,55.6866
4,39.2228
4,47.2364
4,75.6466
4,63.7954
4,39.7222
4,39.5993
4,35.8284
4,35.8757
4,39.8274
4,76.0891
4,32.052
4,43.1502
0,11.9651
4,7.2136
4,11.1592
4,174.693
4,56.6969
4,111.963
4,47.6823
4,31.813
4,47.9487
4,39.727
4,87.8908
4,39.8348
4,60.5244
4,32.0494
4,39.167
4,40.0335
4,99.6827
4,43.6672
4,32.0961
4,55.5574
4,55.6032
4,55.5337
4,43.8087
144,11.8901
4,75.6352
4,39.5838
4,39.6371
4,32.0591
4,77.4466
4,47.4773
4,85.564
4,51.7501
4,39.756
4,51.4115
4,51.4922
4,31.8603
4,51.6143
4,29.7068
4,39.8145
4,68.0896
4,53.4706
4,34.2577
4,64.1488
4,99.7897
4,123.231
4,39.6844
4,39.604
4,71.6101
4,31.645
4,59.8629
4,39.9658
4,91.855
4,76.1803
4,75.5727
4,39.1544
4,91.8641
4,51.7628
4,43.5941
4,83.548
4,43.7721
4,39.7503
4,40.1211
4,39.493
4,39.8719
4,51.9676
4,43.7632
4,35.7682
4,95.2991
4,65.0062
4,43.756
4,80.9129
4,68.9829
4,36.9642
4,47.8284
4,42.4391
4,47.9525
4,43.5037
4,43.631
4,35.6805
4,47.735
4,136.158
4,100.079
4,39.9547
4,59.6491
4,55.6624
4,52.0659
4,39.7634
4,43.7088
4,71.7401
4,31.5432
4,63.9343
4,110.799
4,71.671
4,35.2844
4,27.9695
4,39.6317
4,71.3676
4,47.6771
4,35.7679
4,31.8651
4,36.1579
4,57.1529
4,136.271
4,35.1595
4,31.8912
4,35.5951
4,51.7754
4,91.8919
4,79.5083
4,119.968
4,39.6119
4,47.6652
4,31.8791
4,104.456
4,32.2804
4,44.013
4,75.8975
4,84.0647
4,35.5113
4,64.6799
4,36.7147
4,30.5872
4,43.4953
4,99.9493
4,75.7732
4,75.8037
4,51.9563
4,207.626
4,35.4614
4,67.6555
4,31.8149
4,35.382
4,63.9976
4,71.4592
4,70.9653
4,35.4331
4,35.6158
4,59.8781
4,71.4649
4,57.353
4,71.7017
4,79.7545
4,39.7999
4,39.5961
4,92.5244
4,72.0354
4,32.5595
4,112.004
4,49.38
4,38.8564
4,51.6289
4,35.9595
4,63.9221
4,43.7235
4,35.7035
4,100.035
4,32.0998
4,63.7145
4,47.5975
4,47.6537
4,34.8052
4,35.6226
4,63.7367
4,115.2
4,43.9148
4,47.2437
4,55.9151
4,123.641
4,35.6287
4,63.8917
4,67.6591
4,75.5817
4,31.8987
4,35.6983
4,47.506
4,67.75
4,35.5159
4,67.699
4,63.6692
4,43.9599
4,39.6698
4,35.333
4,35.8242
4,35.6782
4,43.3506
4,72.1567
4,107.912
4,64.1469
4,64.1592
4,52.2605
4,51.8969
4,31.6238
4,107.729
4,43.3988
4,43.5779
4,115.108
4,215.496
4,84.7034
4,35.6946
4,50.1138
4,60.8281
4,60.9713
4,59.8895
4,71.8154
4,35.8402
4,51.0866
4,94.2044
4,33.4272
4,36.0735
4,39.9078
4,35.31
4,10.5114
4,27.7741
4,180.617
4,37.1358
4,51.5789
4,31.997
4,35.5925
4,13.2932
4,59.9833
4,91.9227
4,40.0061
4,39.2422
4,34.7621
4,39.5404
4,51.616
4,15.6761
4,32.8379
4,43.9411
4,90.2972
4,39.6407
4,47.9664
4,39.8082
4,47.9623
4,39.8532
4,35.9469
4,47.8236
4,27.1033
0,27.1702
4,124.078
4,47.5482
4,43.6268
4,63.5232
4,63.5411
4,47.839
4,43.8489
4,67.8255
4,55.9791
4,43.893
4,91.1758
4,64.0624
0,12.0917
4,104.199
4,120.731
4,106.326
4,70.5783
4,43.7124
4,31.3954
0,11.8917
4,70.4352
4,283.28
4,71.2882
4,24.6843
4,32.15
4,39.683
4,35.59
144,3.96195
4,7.13377
4,31.8135
4,31.775
4,71.708
4,72.4153
4,51.8881
0,3.68646
4,179.023
4,71.9892
4,72.1897
4,80.5456
4,32.7309
4,42.9607
4,39.6945
4,108.053
4,35.7578
4,31.8412
4,72.3827
4,43.8583
4,43.8496
4,55.1188
4,35.3695
4,87.167
4,43.6314
4,31.5336
4,67.8383
144,0.56933
4,135.797
4,43.8626
4,25.2644
144,84.015
4,77.5538
4,65.6744
4,32.5901
4,67.0172
4,40.3096
4,107.595
4,68.0133
4,7.85363
4,7.84458
4,28.416
4,255.185
4,104.503
4,27.089
4,30.9178
4,43.6896
4,131.914
4,52.031
0,19.9657
144,19.9761
4,135.993
4,29.1108
4,38.9226
4,27.0528
4,68.0479
4,31.6086
4,43.667
4,37.8908
4,84.5115
4,84.3916
4,31.2412
4,35.9276
4,58.4476
4,193.058
4,35.8975
4,95.8919
4,80.1282
4,39.7214
4,36.4255
4,199.252
0,20.0059
4,82.7129
4,43.6857
4,39.9379
4,146.738
4,36.5066
4,63.1936
4,43.7621
4,63.1551
4,39.6419
4,28.7432
4,42.8063
4,35.9921
4,127.984
4,47.9318
4,39.7998
4,47.6985
4,7.3877
4,75.5168
144,91.988
4,59.9491
4,90.6188
4,48.5761
4,51.7932
4,123.451
4,39.8127
4,29.4072
4,31.7648
144,6.62556
144,16.0289
4,59.359
4,51.6811
4,70.9359
4,71.061
4,67.9103
4,100.074
4,74.8184
4,56.0926
4,35.5593
4,103.932
144,31.8666
4,55.8241
4,91.3376
4,67.9339
4,69.3334
4,53.3348
4,214.935
4,123.42
4,67.5108
4,82.3383
4,34.7791
4,67.9383
4,48.0365
4,112.858
4,51.8803
4,51.9838
4,67.6754
144,68.0611
4,54.6038
4,67.8411
4,33.7103
4,51.5417
4,71.1454
4,107.019
4,55.9764
144,67.9756
144,67.9746
4,66.7732
4,195.36
4,66.7587
4,7.21784
4,64.1611
4,51.058
4,55.9839
4,76.0302
4,51.1247
144,23.9162
4,91.0652
4,52.0263
4,55.972
4,219.105
4,35.5675
4,127.71
4,55.6539
4,172
4,73.8301
4,73.834
4,66.7319
4,66.8415
4,120.458
4,68.0056
4,47.4086
4,60.0542
4,67.9568
4,0.666974
4,52.073
4,47.4508
4,38.9536
144,167.276
144,28.1786
144,28.1287
4,7.04592
4,168.327
4,27.812
4,71.9878
4,56.0131
4,31.0276
4,67.9758
4,52.4103
4,160.013
4,91.4708
4,91.7397
144,36.6225
4,75.8956
4,47.9275
4,108.546
4,131.863
4,22.4784
4,27.9241
4,68.1671
4,42.6172
4,56.1026
144,47.9864
4,31.1262
4,44.0228
4,60.0893
4,58.8744
4,31.234
4,91.6436
4,39.5887
4,47.5554
4,39.9534
144,12.0063
4,39.9931
4,194.998
4,159.491
4,31.4764
4,51.8853
4,63.6794
4,83.3072
144,51.7869
4,75.777
4,75.8826
4,39.411
4,55.987
4,47.5979
144,19.9321
4,115.974
4,79.9161
4,80.0726
4,38.733
4,71.5353
4,66.0414
4,71.5039
4,52.0102
4,31.5723
4,47.652
4,63.9764
4,171.275
4,79.8323
144,19.9325
4,47.7711
4,144.041
4,35.9382
4,48.0488
4,64.1878
4,67.7691
4,54.5959
4,68.016
4,35.6054
4,7.11852
4,93.023
4,78.7121
144,40.0706
144,40.1023
4,35.5737
4,43.5355
4,63.9042
4,114.794
4,40.514
4,59.5861
4,59.4249
4,35.5638
4,39.518
4,80.0255
4,87.4993
4,80.5314
4,47.6804
4,72.7538
144,79.3251
4,79.6216
4,59.8049
4,51.7853
4,64.3556
4,27.9932
4,35.3626
4,78.8936
4,51.5679
4,150.849
144,91.9959
4,71.612
4,71.6803
4,47.6466
4,59.996
4,59.0132
4,155.356
4,47.0338
4,31.4348
144,19.9788
4,64.093
4,79.9177
4,47.4492
4,33.6011
4,167.16
4,83.7171
4,166.98
4,78.9559
4,94.8953
4,50.358
144,112.107
4,80.1188
4,23.7958
4,14.3762
144,34.4756
4,91.0902
4,91.1582
4,36.041
4,47.9527
4,55.9599
4,64.194
4,47.3425
144,8.15481
4,111.998
4,79.9849
4,51.9968
4,69.9441
4,63.8919
4,60.4099
4,35.6723
4,68.0091
144,11.9649
4,47.8883
4,23.9221
4,64.2735
4,273.105
4,65.0944
4,82.1278
144,20.0169
4,64.096
4,60.0407
4,51.5183
4,43.541
4,32.0022
4,33.8497
4,29.5679
4,31.49
4,176.088
4,23.9447
144,3.9899
4,24.014
4,47.4068
4,88.9353
4,190.83
4,51.804
4,43.7751
4,43.9837
4,36.2342
4,60.037
4,79.7938
4,43.3394
4,35.2841
4,47.6313
144,4.16298
4,95.3997
4,31.5266
4,95.5595
4,67.8952
4,63.6827
4,115.649
144,3.76522
4,103.93
4,55.405
4,56.0195
4,79.9758
4,80.1453
4,19.8032
4,7.76588
4,79.2824
4,79.2811
144,35.9941
4,3.77103
4,113.23
4,43.5768
4,43.9692
144,16.0128
4,50.3204
4,60.2247
4,35.3466
4,40.0452
4,54.8201
4,60.1094
4,47.0924
4,27.8574
4,78.7853
4,78.939
144,20.1332
4,87.9904
4,63.2203
4,60.1233
4,104.173
4,111.13
144,7.9641
4,71.9383
4,56.153
144,56.5176
4,79.9527
4,8.26265
4,68.0124
4,54.5165
4,79.1905
4,74.3973
4,59.9601
4,124.413
4,43.8923
4,47.9808
4,12.1862
4,70.5331
4,148.085
4,15.9424
4,167.31
4,48.0232
144,28.2293
4,25.1204
4,35.146
4,76.1179
144,7.54959
4,100.461
4,100.489
4,50.5339
4,19.4782
4,74.0702
4,60.0191
4,51.7912
4,65.0854
4,131.701
4,54.7326
4,79.6623
4,67.1525
144,24.7353
4,36.0142
4,27.9958
4,65.7113
4,8.1253
4,43.9953
4,131.185
4,107.367
4,47.9173
144,20.0208
4,27.3765
4,63.9963
4,95.9666
4,94.7077
4,43.6057
4,36.0191
4,38.8449
4,39.58
4,75.3658
144,20.012
144,20.1583
4,203.037
4,108.489
4,35.8408
4,274.72
4,70.7154
4,70.7699
4,43.9624
4,59.964
4,79.9926
4,59.527
4,60.0005
4,51.3086
4,51.0308
4,87.0624
4,107.205
4,42.6854
4,39.6807
4,36.221
144,12.035
4,0.091994
4,1.03842
4,25.7339
4,59.1701
4,72.0385
4,33.5141
144,7.58479
4,86.9599
4,263.721
4,60.1319
4,57.7528
4,106.165
4,39.9555
4,57.743
144,11.9632
4,105.539
4,42.6847
4,103.945
4,88.0952
4,27.8978
4,33.1852
4,144.359
4,66.8529
4,51.5858
4,67.965
4,87.4563
4,52.5144
4,51.3508
4,63.6915
4,88.2216
144,111.983
4,96.0383
4,63.5193
4,63.4755
4,63.4618
4,63.5031
4,95.2136
4,51.4262
4,79.632
4,141.234
144,10.8629
4,56.0437
4,24.0337
4,54.2686
4,23.6996
144,36.0287
4,71.872
4,91.8889
4,47.9267
4,143.586
4,63.9907
4,72.1086
4,115.98
4,55.2918
4,55.8268
4,55.4059
4,82.7589
4,31.5257
4,35.6771
144,31.9312
4,95.4755
4,80.1165
4,119.649
4,57.0057
4,71.9737
4,95.3018
4,56.0024
4,80.0211
4,55.3247
4,109.798
4,51.9137
4,59.0485
4,58.549
4,58.9977
4,31.3429
4,71.5602
144,19.7627
4,71.9628
4,60.7332
4,67.3292
4,60.0943
4,33.2183
144,15.1237
4,59.9699
4,98.2251
4,55.8823
4,60.0096
4,31.904
4,46.1533
4,53.1901
4,101.72
4,27.6955
4,53.9404
144,12.0055
4,47.8722
4,71.3312
4,107.932
4,51.6087
4,124.053
4,123.652
4,199.657
144,124.527
4,121.931
4,122.254
4,79.5025
4,30.6153
4,39.8109
4,7.61584
4,50.6042
4,163.935
4,52.3184
4,128.867
4,79.0883
4,6.9009
144,16.1035
4,52.4791
4,58.7627
4,58.8978
4,66.448
4,76.0229
4,58.7089
4,1.56095
4,71.9184
144,15.9626
4,10.9377
144,15.9779
4,36.7301
4,104.351
4,164.938
4,29.752
4,39.2785
4,105.682
4,26.928
4,42.1867
4,3.9139
4,21.4154
4,7.21096
4,50.0038
4,74.0308
4,43.7039
4,43.6783
4,35.6301
4,35.9479
4,35.926
4,35.915
4,39.9954
4,54.42
4,55.4363
4,88.176
4,120.571
4,99.9794
4,31.8249
4,84.2613
4,31.4793
4,32.4283
4,104.015
4,209.555
4,120.617
144,305.962
4,126.67
4,215.896
4,67.7807
4,0.225171
4,52.0157
4,112.225
144,45.7094
4,25.2248
4,43.9576
4,39.9277
4,29.2838
4,17.2453
4,90.3161
4,9.74319
4,90.2887
4,68.0528
144,24.2459
4,255.694
4,68.9315
4,53.0185
4,67.9747
4,54.6245
4,43.9676
4,38.571
144,28.0681
144,164.821
4,59.2108
4,164.189
4,59.2665
4,89.6494
4,31.4488
4,58.5713
4,27.9476
4,6.23278
4,91.4355
4,59.9953
4,28.4943
4,149.094
4,48.0658
4,7.32447
4,47.0002
4,38.4456
4,67.93
144,3.95054
4,99.6733
4,86.4188
4,54.6069
4,55.2749
4,143.239
4,7.92736
4,4.31554
4,99.9435
4,103.999
144,2.09264
144,2.25435
4,44.9176
4,0.09475
4,79.3517
4,68.005
4,47.354
4,7.22915
4,40.0227
4,203.758
4,59.9485
4,55.1979
4,10.8602
4,55.1631
4,128.006
4,39.6328
144,1.73878
4,33.868
4,99.9547
4,0.910412
4,84.0058
4,51.5289
4,220.859
4,87.242
4,5.20308
4,114.811
4,28.5526
4,27.3647
4,91.4277
4,35.5902
4,77.7918
4,79.7859
4,79.8895
4,35.9393
4,86.5992
4,156
4,55.8423
4,35.7569
4,19.9427
4,142.777
4,31.9592
4,72.1242
4,0.292798
4,55.7956
144,73.8112
4,21.9308
4,42.2372
4,7.9947
4,59.9351
4,59.9753
4,29.3425
4,39.6916
144,4.55558
144,12.6394
4,26.4008
4,51.2141
4,31.2596
4,60.2123
4,43.9506
4,68.1975
4,63.456
4,53.6043
4,38.0191
144,0.282476
4,96.7399
4,96.7543
4,36.1436
4,43.5018
4,63.2076
4,63.2158
4,71.8737
4,55.9471
4,35.8413
4,28.5173
4,148.184
4,33.3425
4,79.72
144,11.8696
4,35.4436
4,179.614
4,181.689
4,51.5651
4,50.7704
4,50.4461
4,35.7976
4,1.03954
4,43.9819
4,61.1857
4,59.9785
4,167.675
4,55.994
4,20.1839
4,79.8663
4,50.6354
144,67.7338
4,135.93
144,67.8939
4,67.9904
4,59.1762
4,59.3214
4,69.2895
4,54.893
4,45.0011
4,11.9737
4,139.956
4,62.2267
4,62.3315
4,55.728
4,55.7265
4,104.36
144,5.70238
4,120.997
4,104.489
4,68.3391
144,16.5058
4,68.4667
4,46.3261
4,11.9192
4,60.2935
4,81.5523
4,51.9991
4,81.7292
4,68.043
4,47.9224
4,37.2155
4,28.1448
4,35.6356
4,36.0362
4,48.0863
4,11.9251
4,11.9106
4,9.1808
144,13.3162
144,2.70487
4,13.288
4,237.81
4,154.781
4,47.5719
4,14.5957
4,45.6052
4,12.1089
4,53.1817
4,67.9043
4,69.2428
4,52.0657
4,34.5397
4,38.9702
4,31.6182
4,35.5054
144,7.91991
4,158.738
4,84.9916
4,52.0593
4,84.9857
4,29.947
4,55.6505
4,64.8928
4,49.205
4,47.0641
4,171.273
4,56.6499
4,37.415
4,35.7152
4,221.617
4,71.7537
4,37.6129
4,13.1111
4,16.9817
4,17.1161
4,31.9534
4,51.6074
144,55.8313
4,6.97082
4,6.96032
4,6.96715
4,1.44805
4,34.4833
4,183.283
4,35.6089
4,28.9524
4,30.9808
144,24.8375
4,24.9339
4,159.669
4,64.1406
4,35.906
144,11.3687
4,29.1141
4,110.209
4,111.111
4,81.8568
4,139.467
4,119.914
4,19.1646
4,47.9132
4,64.0158
4,44.1192
144,7.97726
4,108.064
4,108.185
4,54.0519
4,61.7235
4,28.5675
4,80.3569
4,12.7295
4,57.6323
4,51.2867
4,23.418
4,39.6226
144,39.3392
4,53.9509
4,69.1525
4,29.7664
4,55.9562
144,2.07115
4,52.1808
4,50.469
4,20.7379
4,155.458
4,7.44706
4,135.994
4,126.218
4,56.0276
4,60.9701
4,60.0882
4,91.9341
4,7.81331
4,11.1892
4,43.9621
4,33.1621
144,137.064
144,26.8109
4,45.0488
4,75.6719
4,55.7771
4,53.0768
4,64.1214
4,48.1159
4,35.2114
4,54.8583
4,54.9731
4,40.043
4,51.6424
4,27.9092
4,25.7385
4,11.5672
4,49.5427
4,38.3403
4,4.50461
4,27.1347
144,24.0187
4,55.5858
4,55.9689
4,48.0297
4,35.9841
144,20.1162
4,47.5845
4,112.486
4,35.5547
4,77.6558
4,35.5444
144,43.0921
4,87.0164
4,28.9344
4,0.170387
4,64.0716
4,11.3456
4,51.136
4,51.0483
4,120.032
144,31.0539
4,57.0838
4,27.5643
4,35.6285
4,112.186
4,71.9908
4,56.0823
4,35.4022
4,39.9553
4,47.5192
4,51.2156
144,17.0331
4,43.7235
4,7.79328
4,68.0976
4,158.687
144,113.796
4,113.912
4,44.0445
4,92.7683
4,76.1343
4,194.609
4,27.3647
4,109.195
4,47.5005
4,98.9161
4,165.205
4,43.125
4,84.1194
4,47.9522
4,15.7719
4,22.0355
4,59.8493
4,75.7268
144,20.1237
4,23.8465
4,29.2784
144,0.03429
4,40.4221
4,59.4249
4,27.6712
4,34.8938
4,44.1386
4,59.8918
4,151.599
4,67.9813
4,43.067
4,11.9849
4,7.63604
4,66.744
144,35.9039
4,6.24982
4,139.643
4,41.9635
4,16.1928
4,94.8518
4,104.013
144,10.6255
4,71.432
4,71.5143
4,43.5967
4,35.9339
4,6.97623
4,215.911
4,53.9827
4,27.642
4,48.1009
4,26.6706
4,40.3625
4,62.3358
4,48.1576
4,8.12827
4,117.936
4,15.9533
4,0.201079
144,107.972
4,107.428
144,20.2618
4,107.481
4,135.621
4,47.2594
4,35.4316
4,36.0174
4,67.7672
4,52.0221
4,123.705
4,45.0564
4,51.738
144,12.4684
4,71.5313
4,14.8434
4,77.0703
4,28.8382
4,21.6804
4,11.8916
4,60.4334
4,99.2164
144,4.63337
4,51.8043
4,64.1439
4,223.924
4,53.8708
144,11.9604
4,67.4788
4,67.5363
4,56.0215
4,42.7222
4,63.9942
4,45.8723
4,43.6616
4,63.9874
4,54.1143
144,14.3102
4,82.8324
4,51.1603
4,53.762
4,55.68
4,33.7878
4,82.3381
144,24.084
4,66.9015
4,35.2842
4,112.254
4,92.2597
4,67.7574
4,59.4546
4,36.2454
144,0.035399
4,163.7
4,96.5304
4,33.7016
4,39.1117
4,32.234
4,47.6413
4,88.1302
4,26.4342
4,6.98172
4,67.8247
4,52.1405
4,53.0952
4,106.942
144,16.13
4,27.5762
4,39.9078
4,129.661
4,51.9387
144,13.2158
4,39.1951
4,72.5169
4,24.9975
4,111.974
4,127.926
4,50.2241
4,31.1086
4,50.617
4,68.0294
4,22.4224
4,40.0361
144,27.8928
4,103.592
4,63.4008
4,32.1144
4,40.5919
4,75.6172
4,36.0052
4,24.8512
144,19.9677
4,71.7546
4,50.7666
4,36.7349
4,116.002
4,67.9668
4,39.0344
4,41.5163
4,20.2026
4,63.9305
4,123.925
4,19.3313
4,31.6651
4,106.531
144,32.4453
4,58.9306
4,14.7479
4,31.8924
4,27.7646
4,151.964
4,120.029
4,35.9588
4,151.492
4,1.8686
144,15.2366
4,76.4544
4,32.0947
4,99.9721
0,32.2559
0,20.0667
4,23.1048
4,23.1347
4,64.7576
4,131.633
4,64.7675
0,40.9111
4,79.9272
4,32.0414
4,23.7007
0,29.0829
4,160.26
4,59.918
4,33.5452
4,75.9059
4,31.6369
4,7.55436
4,3.86785
4,120.006
4,31.6659
4,123.844
4,115.673
4,71.8908
4,55.9049
0,45.0668
4,63.811
4,51.0781
4,7.66506
4,40.287
4,88.1351
0,31.4979
4,55.5807
4,35.9669
4,62.6215
4,62.6658
4,40.2554
4,103.636
144,16.739
4,55.0895
4,103.786
4,79.5769
4,35.6727
4,65.2475
4,39.3681
4,28.8205
4,60.6606
4,47.9711
4,119.715
4,63.374
4,119.754
144,27.6984
144,41.12
4,28.9108
144,21.0337
4,48.2567
4,60.8178
4,67.2924
4,35.9353
4,63.2502
4,158.887
4,63.351
4,45.5359
4,63.4612
4,63.5492
4,75.98
4,64.0258
4,62.5632
144,24.1948
4,49.0851
4,139.503
4,32.004
4,91.5144
4,34.9806
4,47.9402
144,27.4863
4,251.55
4,63.9937
4,57.3101
4,79.686
4,94.9449
4,42.8883
4,43.4914
4,99.4337
4,99.5382
4,100.147
144,29.1973
4,36.1451
4,71.946
144,28.9265
4,32.2885
4,71.9668
4,90.8121
4,90.982
4,106.676
4,35.2236
4,63.7104
4,71.8624
4,71.8759
4,47.9919
4,31.2292
4,63.6729
4,35.5702
4,34.5773
4,35.9682
4,155.326
4,55.8951
4,43.1723
4,23.9376
4,7.8772
4,84.2274
4,116.022
144,23.0758
144,53.0398
4,36.6107
4,43.3426
144,47.164
4,77.5115
144,16.6476
4,69.3389
4,52.8407
4,53.322
4,62.9178
4,83.952
4,36.8166
4,51.0895
4,150.382
4,55.924
4,39.7357
144,15.7596
4,27.9545
4,36.04
144,30.0873
4,54.2248
144,25.2622
4,35.5566
4,100.102
4,84.1107
4,31.502
144,22.5308
4,40.8826
4,47.8895
4,35.9018
4,253.067
144,15.1409
4,21.5399
144,17.3364
4,32.4658
144,31.0896
4,40.0134
144,16.6821
4,29.5516
144,16.0843
4,46.4394
144,27.3083
4,38.111
144,16.3144
4,43.9808
144,42.6014
144,27.9976
4,39.4031
4,46.45
144,25.353
4,211.982
144,19.8106
144,27.8558
4,27.7431
4,43.8317
144,16.0095
144,30.7885
4,43.9792
4,47.9013
144,36.4618
144,24.0182
4,64.5407
144,31.9699
4,44.1583
4,36.1153
144,38.6739
4,47.9168
144,31.8006
144,20.5034
4,43.9837
4,79.9843
144,15.0898
4,39.9984
144,43.7875
4,96.0193
144,25.3508
4,43.9674
144,46.6094
4,42.2534
144,29.3621
4,40.0131
4,7.6181
144,15.9831
144,39.7445
4,47.4514
144,36.8172
4,111.98
144,55.8005
4,44.0243
144,27.9041
144,42.7202
4,37.1058
4,116.032
144,30.7103
144,29.3604
4,58.2489
4,207.179
144,42.64
4,39.9765
4,8.04011
144,20.5105
144,16.6099
144,54.8298
4,43.9625
4,12.848
144,18.7369
4,56.7167
144,29.3807
4,39.9859
144,23.0886
144,27.9866
4,43.2441
4,0.048824
144,17.1452
4,34.4959
144,27.1369
4,29.3208
144,19.1671
4,52.3543
144,38.9679
4,11.4409
144,23.7578
4,43.9753
144,27.9681
4,27.952
144,30.7793
4,29.942
144,43.8594
4,31.9739
144,17.5788
4,60.1567
4,4.63401
144,24.641
144,52.1093
4,45.7865
144,23.8587
4,43.9296
144,17.0823
4,39.2615
144,19.2002
4,40.066
0,29.2751
4,43.8627
4,43.7511
144,28.0178
0,41.1906
4,34.5191
4,35.9217
144,22.8793
4,29.2999
4,43.9829
4,31.9469
0,29.1395
4,36.4626
4,47.6646
4,32.0362
4,75.6511
4,39.7709
4,83.8027
144,27.9916
144,40.8228
4,40.0163
144,15.19
4,47.9579
4,35.6991
4,31.9535
4,55.9908
4,51.3566
4,43.6978
4,35.825
144,16.2452
4,33.3649
144,29.2581
4,35.9713
144,19.876
4,47.9564
4,64.0354
4,91.5275
4,100.091
4,30.5352
4,57.635
4,34.2311
4,6.20849
0,43.8274
4,47.2651
0,25.3264
4,115.359
4,31.7144
4,35.6865
4,35.9488
4,95.8254
4,35.1818
4,37.6318
144,19.3298
4,39.2776
4,36.0306
144,24.2652
4,47.3657
4,50.7016
0,36.3601
4,38.1979
4,68
4,54.8357
4,47.2241
4,44.5075
4,44.1101
4,43.3661
4,87.4818
4,51.8034
144,23.6792
144,26.7966
4,23.979
4,8.20794
4,36.1469
4,35.4147
0,31.1632
4,0.324334
4,144.231
4,121.405
4,85.395
144,29.8906
144,29.7273
4,49.7423
4,80.135
4,107.792
4,94.3032
0,27.855
4,38.7605
4,51.9684
4,72.4134
4,55.4506
4,47.9527
4,68.0055
4,63.5406
4,35.8063
4,99.4136
4,55.9375
0,32.9049
4,35.6143
4,36.2131
4,43.742
4,63.5994
4,51.4588
4,39.6888
144,57.6961
4,32.1305
4,47.0393
4,38.9661
4,43.6643
4,40.0492
144,29.1333
4,55.7504
4,51.3896
4,39.9438
144,15.3116
144,16.2802
4,47.7597
4,35.9539
4,35.9074
144,17.1691
4,51.686
4,35.4568
4,112.001
4,82.4656
4,78.6288
4,39.906
4,51.3713
4,59.1788
4,127.475
4,116.765
4,35.9437
4,35.5898
144,12.9144
4,35.9337
4,39.5768
4,51.4555
4,96.3062
4,59.3598
0,23.8197
4,44.021
4,40.0896
144,24.1227
4,47.8773
4,64.085
4,39.7232
4,43.3329
144,13.403
4,24.0774
4,48.0998
0,21.233
4,63.9041
4,62.607
4,48.1392
4,48.2385
4,31.8641
4,64.2459
4,51.1059
4,107.2
4,48.7983
0,16.8767
4,43.8675
4,39.9968
4,35.7612
4,75.9017
144,22.6681
4,83.9035
4,36.4264
4,147.93
4,35.4622
4,75.5461
4,24.3411
4,51.9496
144,14.5832
144,25.4069
4,43.959
144,23.557
4,47.8447
4,37.0704
144,30.3747
4,45.2101
4,71.9961
4,55.9795
4,47.9657
4,63.795
4,51.6622
4,50.2486
4,63.8402
4,43.5181
4,139.932
4,27.9521
4,123.976
4,23.9286
4,27.87
144,23.2175
4,59.5928
4,63.4162
4,51.8642
144,14.3465
4,35.8866
4,95.1089
144,28.0026
144,42.7463
4,36.0705
4,76.8571
4,146.941
4,80.0966
144,24.0957
4,142.527
4,151.68
4,68.0419
4,60.1601
4,32.8269
4,49.4796
144,37.9314
4,39.9558
144,16.7555
4,58.3608
144,15.012
4,37.275
4,55.9834
4,75.9847
4,51.1097
0,56.5317
4,36.3989
4,59.3629
0,31.8414
4,3.53012
4,31.9987
4,22.2423
144,27.6643
0,28.2373
4,87.0992
4,127.976
4,58.4534
4,41.3645
4,55.8468
144,27.8751
4,3.09365
4,54.3423
4,45.2907
4,52.8355
4,42.9477
4,54.176
144,37.1193
4,39.9954
4,43.2343
4,55.83
4,43.6397
144,27.8795
144,61.1279
4,35.7948
144,23.5037
4,47.6717
4,71.9572
4,55.9937
4,147.996
4,31.5462
4,104.062
4,60.1054
4,27.9279
4,63.9613
4,55.9645
4,1.14709
4,35.1591
4,71.9098
4,39.3164
144,34.1429
144,21.3294
4,44.3014
4,39.93
144,18.7468
0,34.4589
4,51.1364
4,44.6383
4,35.7753
4,59.9514
4,47.0617
0,39.8139
4,34.8427
4,83.5783
4,82.9061
4,28.8066
0,25.0597
4,172.315
4,60.2934
4,39.0887
4,39.498
4,68.7844
4,47.8253
4,10.8509
4,131.615
144,39.6815
144,27.561
4,24.2902
4,39.5109
144,17.4251
4,75.2747
4,39.5115
4,47.6994
4,141.029
144,23.3533
4,30.9534
4,51.34
4,91.9285
144,31.7655
4,68.0692
4,43.0088
4,36.085
4,27.947
4,35.3357
144,25.9488
4,79.9957
4,99.9144
4,47.4966
4,67.7917
4,23.9196
144,21.8176
4,55.9177
4,35.2517
4,44.9511
4,39.69
4,83.6169
4,39.4745
144,35.3541
4,44.0519
144,30.962
4,55.1943
4,43.4395
144,20.4066
4,51.9742
4,72.3361
4,51.1956
4,87.9847
4,20.0448
144,37.3886
4,68.1142
4,144.208
4,51.9707
4,299.941
4,9.40503
144,22.962
144,30.1068
4,50.3989
4,55.8868
4,71.9772
4,47.1598
4,23.9234
144,25.9328
4,43.9608
4,91.7066
144,37.6834
4,69.7335
4,61.4919
144,35.2683
144,20.9994
4,87.9475
4,51.9958
144,54.6148
4,81.9576
144,49.4095
4,78.4542
144,18.5764
4,40.0584
144,29.9646
4,43.9248
144,27.9759
4,36.0304
144,30.7231
4,51.9826
144,33.5669
4,7.98445
144,22.2465
144,39.1781
4,51.9624
4,11.9811
144,29.049
4,51.9019
144,21.2312
4,36.1358
144,21.4091
4,28.0955
144,22.5323
144,15.0822
4,148.072
144,25.1634
4,48.2942
144,31.8217
4,47.763
4,47.9799
144,22.3997
4,128.115
144,30.3512
4,12.155
144,33.7635
4,39.9744
144,12.8311
4,44.2834
144,35.8701
4,12.0747
144,28.8404
144,28.2007
4,63.978
144,17.1144
4,76.1678
4,47.8235
144,22.3374
144,19.897
4,15.9798
144,30.8802
4,171.97
144,28.1063
4,45.4957
4,31.9008
144,29.3129
4,12.168
144,30.751
4,36.1112
144,18.6284
4,32.11
144,17.4913
4,55.9618
144,29.3333
4,52.0135
4,35.8109
144,35.1198
144,26.1375
4,51.8288
144,13.2903
4,38.4078
144,27.7968
4,8.53023
144,41.3983
144,28.0043
4,11.9425
144,18.7489
4,40.003
4,159.99
144,27.3359
4,127.937
4,7.83268
144,28.0031
144,43.8281
4,8.47976
144,29.3656
4,36.1377
144,19.8516
4,11.9649
144,24.1207
144,49.8247
4,40.0102
4,43.9845
4,34.3048
144,30.1809
144,12.7628
4,38.2101
144,35.8185
4,64.8452
