144,0.051248
4,0.045042
4,0.030469
144,0.060937
4,0.020585
144,2.60325
144,0.048341
4,0.102135
4,0.034361
144,0.026565
4,0.209058
4,5.94137
4,5.94299
4,5.96305
4,5.95827
4,5.95083
4,5.94868
144,0.027865
4,0.920815
4,41.3659
4,0.025394
4,25.5409
4,0.018915
144,0.01852
4,0.024134
144,0.015249
144,52.142
4,0.010506
4,0.941447
144,5.88792
144,0.030991
4,0.020005
144,0.021984
4,0.012469
144,0.743783
4,0.01002
144,0.029181
4,0.011838
144,1.01385
4,0.01305
144,0.023202
144,2.3826
4,79.99
144,9.3176
4,72.0685
4,35.9341
4,14.4249
4,0.051612
4,0.030388
4,0.019287
4,0.023809
144,14.1242
4,15.0511
4,32.8017
4,0.013263
4,16.3612
4,44.6896
4,0.012752
144,18.2753
4,0.023454
4,0.040045
4,0.032551
4,0.030683
4,31.1975
0,0.540574
144,40.6313
4,0.042436
4,0.037355
0,0.056063
4,0.597208
4,0.109048
4,0.029697
4,17.0821
4,0.035111
4,13.2471
4,0.017685
0,0.019374
4,0.027497
4,19.0485
4,0.022655
4,11.6067
144,0.027061
4,0.019778
4,0.128841
4,16.9288
4,0.01414
4,0.022206
4,0.016493
4,1.63878
4,14.0684
4,31.6933
4,0.124183
4,21.6501
4,38.4922
4,0.036131
144,0.07388
144,4.00114
144,0.309566
4,42.5573
4,0.015989
4,10.1938
4,0.072297
4,0.107096
4,13.0764
4,0.021002
4,14.9597
0,0.018775
4,42.3746
4,0.014947
4,0.037974
4,51.1419
4,0.010274
4,1.56397
4,0.025787
4,0.043348
4,6.38691
4,47.233
4,0.038073
4,0.009022
4,0.236846
4,11.6105
4,4.86174
4,0.017158
0,3.74649
4,0.028587
144,3.82564
4,0.01575
4,18.4317
4,0.799261
144,0.019858
4,0.010908
4,25.4919
4,0.033268
4,20.2416
4,15.4238
4,25.4389
4,0.04385
4,2.81728
4,0.072386
4,27.2254
4,0.022279
4,0.031894
4,0.023439
4,0.032869
4,0.016707
4,0.023379
4,0.339328
4,0.028993
4,28.2183
4,0.008863
4,0.05319
4,0.032097
4,5.88742
4,0.076306
4,0.038198
0,0.204538
4,0.538349
4,0.063602
4,0.019924
4,0.071082
4,33.6508
4,3.73365
4,0.063118
4,7.6853
4,8.33432
4,0.022142
4,0.05579
144,0.060514
4,0.011465
4,0.014785
4,0.022294
4,28.415
4,0.028569
4,18.166
4,14.7345
4,0.194751
4,26.689
4,0.037003
4,60.9766
4,35.5258
4,99.9825
4,0.026531
4,0.014056
4,0.022052
4,0.676972
4,23.7132
4,5.83496
4,0.021978
4,1.24788
4,0.024059
4,0.037912
4,0.016355
0,0.079353
4,41.2812
0,0.014281
4,0.022872
4,0.0593
4,21.5402
4,8.14538
4,0.018308
4,0.030523
4,0.12401
4,1.55957
144,0.120826
4,28.8408
0,0.069197
4,16.1122
4,0.046348
4,0.019676
4,7.07227
4,20.6025
4,7.87373
4,7.96004
144,0.060161
4,0.624719
4,0.020163
4,0.020358
4,14.5532
4,10.3966
4,1.72798
4,0.019282
4,0.011644
4,0.014241
144,0.077201
4,0.018566
4,0.069528
4,4.83918
4,0.031651
4,0.021278
4,55.6523
4,0.026721
4,0.066154
4,20.0397
144,0.046702
4,6.10875
4,116.663
4,0.036087
4,6.09373
4,53.732
4,5.56549
4,0.0452
4,29.4891
144,7.26141
4,6.50447
4,59.9838
4,0.125061
4,0.026667
4,12.589
4,0.013674
4,18.23
4,0.023219
4,0.01936
4,0.073557
4,0.199867
4,18.775
4,0.017947
4,3.04895
4,35.1125
4,0.011569
4,0.011943
4,54.3238
4,39.7575
4,0.043828
4,100.013
4,0.537526
144,15.8987
4,23.2107
4,0.028995
4,33.1038
4,107.607
4,94.8457
4,50.8619
4,0.540917
4,0.024323
4,0.080463
4,34.9876
4,0.259877
4,1.45414
4,0.017161
4,0.01341
4,0.029152
4,28.0493
144,1.27893
144,13.2524
4,0.206031
4,5.76812
4,0.01922
4,0.013149
4,6.73325
4,53.2945
4,111.58
4,129.461
4,0.012875
4,0.017789
4,0.016288
4,0.017335
4,16.6784
4,5.35189
4,0.00982
4,0.0102
4,0.016929
4,0.023699
4,0.029763
4,0.052187
4,31.4081
4,0.054535
4,19.675
4,54.993
4,35.7377
4,0.109781
4,0.015616
4,0.068699
144,0.063429
4,0.080765
144,16.0304
4,0.044074
4,0.00548
4,0.063448
4,0.168569
144,18.9409
144,1.16612
4,3.42888
4,0.079894
144,0.01774
4,49.6415
4,0.022909
4,0.016178
4,11.3256
4,11.9244
144,0.015277
4,0.02086
4,0.009551
4,0.011447
4,32.9341
4,16.869
4,0.831957
4,36.3458
4,66.2516
4,100.091
4,11.8258
4,0.296109
4,34.8977
4,0.073453
4,14.4818
4,0.012997
144,12.3207
4,0.019761
4,1.22352
4,1.78507
4,0.014232
4,47.9862
4,32.0008
144,2.80942
4,5.14238
4,11.9794
4,43.6304
4,0.803587
4,29.4967
144,160.438
0,6.71819
4,17.744
144,11.9418
0,0.013126
4,31.9881
4,10.9925
4,18.441
4,3.12609
4,0.025898
4,0.144165
4,40.7506
4,16.4587
4,3.14682
144,0.029229
4,0.017678
4,0.020135
4,0.018682
4,6.38091
4,0.060556
4,79.9894
4,119.983
4,19.6304
4,0.092383
4,0.022923
4,0.046119
4,0.0176
4,41.5175
4,0.020074
4,55.8486
4,39.7013
4,31.9844
4,0.022796
4,0.012767
4,0.213701
4,0.025335
4,0.015218
4,29.2451
4,18.7885
144,4.0985
4,7.68281
0,0.023812
4,0.022041
4,11.2127
4,67.9122
4,163.989
0,0.028375
4,3.70798
4,0.012882
4,12.0791
4,8.49157
4,89.9839
4,0.026012
4,0.022531
4,0.019398
0,0.047622
4,0.025214
4,0.02127
4,75.9626
4,0.011621
4,0.048473
4,0.050527
4,21.9932
4,6.34637
4,19.9322
4,1.2441
0,0.018308
4,0.024014
4,8.49887
4,39.7254
4,15.7037
4,0.057336
4,22.4464
4,0.12661
4,0.029671
144,5.53783
4,0.04309
4,5.49031
4,0.016263
4,0.076511
144,0.017715
4,0.009782
4,0.01175
4,0.012699
4,27.7744
4,0.048365
4,7.68557
4,12.2119
4,0.02911
4,0.01874
4,4.86677
4,5.62365
4,0.012954
4,0.017946
4,46.0651
144,0.045105
4,0.019881
4,0.028448
4,0.02392
4,29.9048
4,41.0987
4,0.012422
144,22.0367
4,29.7266
4,11.7461
4,17.2452
144,0.043943
4,0.014408
4,4.8487
4,0.03212
4,7.8044
4,0.012528
4,0.025565
4,0.017955
4,0.025603
4,0.016975
4,0.018846
4,13.0215
4,0.109982
4,0.016571
4,0.057677
4,0.023595
4,18.7491
4,8.54254
4,6.36064
4,5.78303
4,0.040338
4,28.0934
4,23.5473
4,0.107936
4,0.009295
4,0.016079
4,0.484082
4,0.122204
4,28.1713
4,0.012753
144,42.5289
4,0.019492
4,0.095324
4,0.03322
4,42.0879
4,0.265178
4,16.5744
4,56.6017
4,0.018159
4,8.71877
4,167.607
4,0.012525
4,3.66182
4,0.048728
4,6.86362
4,0.2149
4,0.15255
4,0.432115
4,0.014634
4,0.026722
4,0.022189
4,0.056481
144,11.5772
4,0.029118
144,7.15833
4,0.02687
4,0.00649
4,0.030386
4,0.344008
4,0.021467
4,0.014708
4,0.011056
4,0.018875
4,0.026094
4,0.016538
4,0.024212
4,0.016708
4,0.118285
4,0.174061
4,0.018245
4,0.145128
4,0.012632
4,0.008195
4,0.019329
4,0.017521
4,0.018099
4,20.9114
4,14.8286
4,4.0819
4,18.6879
4,15.9957
4,15.1625
4,0.137394
4,0.019316
4,0.026195
4,0.302721
4,4.77709
4,19.5962
4,0.011634
4,57.6011
4,18.892
4,51.5416
144,0.076431
4,0.01393
4,35.7267
144,0.070183
4,0.037199
4,12.4244
4,0.014237
4,0.013299
4,16.185
4,0.011835
4,0.128541
144,0.015558
4,0.016765
4,0.013418
4,0.018839
4,0.010415
4,0.147944
4,12.9461
4,0.020767
4,0.019406
4,0.216461
4,33.2252
4,0.166147
4,0.023648
4,32.4661
144,32.4843
4,7.36062
4,0.028003
4,0.067711
4,93.3439
144,0.086471
4,4.46709
4,0.012332
144,0.085655
4,0.020572
4,0.147809
4,0.010032
4,1.28199
4,92.9962
4,0.047282
4,0.024773
4,0.010582
144,0.652889
4,0.011888
144,0.675413
4,0.022833
4,15.101
4,67.2444
4,0.027575
4,56.059
4,0.29679
4,0.401386
4,0.135461
4,0.039692
4,11.7449
144,0.018018
4,0.011586
144,0.052565
4,12.8693
4,28.6826
4,0.019413
4,32.0507
4,0.02742
4,27.8124
144,0.018276
4,0.023387
4,0.015771
4,25.2576
4,31.7624
4,17.4887
4,0.011263
4,0.0098
4,32.7367
4,0.013292
4,0.008736
4,0.011845
4,0.023223
4,0.011223
4,0.008566
4,0.017637
4,0.024355
4,0.008878
4,0.089443
4,23.2765
4,0.022719
4,23.8842
4,1.05179
4,2.16522
4,0.06291
4,0.372283
4,0.238288
4,16.4952
4,0.011839
4,0.211684
4,0.214735
144,37.8823
4,0.013318
144,0.031287
4,0.038063
4,0.011034
144,2.04968
4,0.013287
4,0.069051
4,10.0146
4,0.66504
4,2.13931
4,0.08949
4,17.0054
4,0.010785
4,15.7476
4,0.021585
4,0.071129
4,34.8181
4,0.011204
0,44.424
4,0.135434
4,19.402
4,0.018056
4,0.011909
4,32.223
4,16.4399
4,0.041624
4,1.47927
4,6.05635
144,0.077125
4,0.053874
4,0.027854
4,0.010761
4,0.019395
4,0.105645
4,0.017381
4,0.016681
4,0.060272
4,32.3085
4,16.7703
4,0.991285
4,0.03024
4,3.2664
4,15.9077
144,0.083598
4,0.022794
4,0.017181
4,31.8158
4,4.52099
4,5.71388
4,15.6691
4,0.020703
4,0.008944
4,0.017474
4,0.854163
4,5.17158
4,13.143
4,0.027501
4,0.069692
4,0.095268
4,28.7619
4,0.015512
4,14.9162
4,0.036506
4,2.96438
4,0.123653
4,0.021895
4,0.235068
4,27.4634
4,15.3845
4,11.9574
4,57.9702
4,0.023792
4,6.93594
4,0.023118
4,36.4109
4,17.7436
4,1.28661
4,0.020238
4,0.020107
4,0.019817
4,0.01883
4,0.020044
4,0.012108
4,0.138672
4,0.009717
4,0.012033
4,0.016044
4,0.072181
4,0.022972
4,0.017811
4,0.012911
4,0.019389
4,0.017261
4,0.022831
4,15.5114
4,0.034699
4,0.020771
4,0.02336
4,25.8651
4,3.78988
4,0.023241
4,14.9406
144,0.126628
4,15.7163
4,31.8678
4,0.01631
4,43.6141
4,0.011071
4,0.008314
4,6.24602
4,35.9801
4,20.2539
4,2.74245
4,0.026538
0,0.600985
0,0.549562
4,0.179438
4,0.012862
4,3.82896
4,0.024708
4,2.89361
4,59.6428
4,0.010681
4,0.031828
4,39.1199
4,7.65228
4,16.8064
4,5.93925
4,0.022508
4,0.022017
4,0.027721
4,7.05255
4,78.1485
4,11.8294
4,19.909
4,34.8739
4,0.028724
4,0.018001
4,0.085553
4,19.3386
0,10.122
4,3.83004
4,12.2633
4,1.6066
4,0.026288
4,0.04124
4,3.71342
4,0.037985
0,2.6729
4,3.42799
4,0.108372
4,0.411403
4,7.29515
4,13.4652
4,0.033773
4,0.018585
4,0.019411
4,0.018814
4,29.072
4,0.039599
4,58.2065
4,0.068053
4,0.01742
4,22.0935
4,0.019972
4,0.018675
4,0.014426
4,30.0326
4,7.08903
4,16.3599
4,18.9675
4,56.4595
4,12.3238
144,13.3285
4,0.022858
4,0.03338
4,4.28852
4,32.1129
4,46.5558
4,16.3427
4,6.59136
4,0.020816
4,30.8039
4,50.5114
4,22.6731
4,0.008853
4,0.061979
4,0.116424
144,11.8783
4,12.2027
4,0.049344
0,11.8554
4,10.0136
4,9.57206
4,0.265779
4,0.133083
4,24.8868
4,19.493
4,0.005394
4,14.716
4,39.8855
144,0.384205
4,12.2483
4,0.012211
4,0.030517
4,33.0364
4,0.53756
4,31.7712
4,15.6526
4,0.01305
4,0.013313
4,28.2306
4,0.010713
4,0.013457
4,0.200423
4,0.019602
4,0.014147
4,0.024873
4,0.096777
144,0.079566
4,47.595
0,16.0703
4,0.072694
4,0.013125
4,0.019545
4,0.019646
4,0.041109
4,0.018525
4,0.067817
4,0.01902
4,0.055313
4,0.20291
4,0.017136
4,0.011552
4,0.019853
4,0.010986
4,0.106211
4,0.163514
4,0.01817
4,19.7817
4,0.011209
4,0.020032
4,0.019745
4,0.020507
4,0.019841
4,0.019675
4,0.018216
4,16.0459
4,0.009623
4,0.017699
4,18.9216
4,7.9203
4,0.034798
4,0.018871
4,0.045818
4,0.018586
4,0.020183
4,17.5607
4,5.50442
4,0.029569
4,11.5527
4,139.674
4,111.127
4,0.017983
4,76.8025
4,0.011491
4,0.020411
4,0.01945
4,0.020477
4,0.021759
4,0.018004
4,0.018404
4,0.04293
4,0.011785
4,0.020004
4,0.018166
4,0.032517
4,0.118721
4,0.011697
4,15.8661
4,33.0989
4,0.015508
4,0.03029
4,12.5449
4,30.3846
144,0.043716
4,18.123
4,47.7114
4,47.8631
4,32.0324
4,71.2027
4,7.32408
4,48.1153
4,0.018554
4,0.016383
4,0.017736
4,0.016803
4,16.9617
4,0.018016
4,0.03182
4,33.0842
4,10.7797
4,7.15023
4,0.019638
4,26.8021
4,0.02217
4,0.032715
4,13.2605
4,15.7027
144,0.027981
4,0.023777
4,60.8689
4,11.7757
4,12.7292
4,0.027393
4,0.012726
4,0.800061
4,0.041107
4,26.0772
4,0.319285
4,14.0808
4,31.363
4,0.021031
4,73.2991
4,35.0744
4,0.021678
4,0.01046
4,52.0012
4,0.010589
4,88.2652
4,25.628
4,8.4853
4,77.8816
4,20.3362
4,0.098616
4,63.5516
4,0.017699
4,207.917
4,24.0396
4,0.016366
4,4.10001
4,24.1706
144,6.9579
4,20.4143
4,6.86894
4,0.036991
4,0.01091
4,0.214524
4,0.019226
4,0.224747
4,0.03745
4,14.7742
4,0.04269
4,0.021502
4,0.046148
4,0.024142
4,0.012329
4,0.017788
4,0.013448
4,0.021086
4,22.0131
4,0.019767
4,7.52241
4,29.625
4,0.052374
144,0.337162
4,27.7405
4,18.8094
4,2.04056
4,25.7432
4,44.6891
4,3.37919
4,31.4202
4,0.029852
4,0.011461
4,2.4657
4,27.2558
4,0.0251
4,1.19981
4,6.61051
0,7.71044
4,23.6095
4,0.021006
4,0.01462
4,19.6766
4,0.030407
4,36.1768
4,16.035
4,8.01238
4,0.03165
4,0.02075
4,0.010879
4,0.017615
0,1.43526
4,0.025603
4,0.011644
4,0.019434
4,0.014926
4,0.029803
4,31.617
4,0.063084
4,0.659991
4,0.675408
4,0.016784
4,0.01213
4,0.108741
4,0.014686
4,0.018559
4,0.039644
144,27.6869
144,39.8089
4,24.4616
4,0.017269
4,0.019697
4,0.02534
4,0.020113
4,0.018461
4,0.085419
4,0.016757
4,0.017638
4,0.207477
4,0.082628
4,0.367121
4,19.0793
4,0.007478
4,0.015653
4,0.019507
4,0.021117
4,19.3261
4,1.43836
4,12.4448
4,0.122209
4,0.017575
4,1.74838
4,0.03225
4,0.009512
144,43.7586
144,0.538039
4,0.734493
4,0.146578
4,3.2729
4,36.3901
4,11.8821
4,32.519
4,1.21117
4,1.93482
4,14.1188
4,20.5731
4,14.4328
4,0.019944
4,15.9381
4,0.012608
4,39.0857
4,0.041463
4,0.037331
4,7.28942
4,4.12067
4,0.016083
0,12.7815
4,11.1594
4,0.033332
4,7.19239
4,4.88174
4,7.76714
4,10.116
4,0.026498
4,0.047684
4,0.017041
4,0.292228
4,0.021539
4,0.785889
4,43.528
4,31.8481
4,18.1438
4,2.25961
4,11.9426
4,0.032201
4,46.2113
4,0.011765
144,0.053423
144,31.2712
4,31.0715
4,43.1562
4,4.44188
4,7.03643
4,0.053682
4,0.028235
4,0.024271
4,0.010959
4,0.687736
4,5.13252
144,0.030625
4,15.9914
4,6.12876
4,0.047558
4,3.39565
4,13.4716
4,0.029573
4,12.3381
4,8.09182
4,20.2694
4,0.013335
4,32.784
4,3.68337
4,0.018636
4,0.542101
4,0.0264
4,0.816873
4,2.67299
4,8.27255
144,8.3966
4,1.89365
4,0.013042
144,5.47339
4,12.1663
4,0.047202
4,15.6349
4,0.02589
4,0.015265
4,0.070007
4,0.027916
4,0.318122
4,41.521
4,0.012579
4,26.5915
4,16.7001
4,0.994798
4,11.9671
4,0.609375
4,0.184104
4,28.706
4,39.6064
4,11.9924
4,27.7592
4,45.7604
4,2.96597
4,0.061061
4,2.07134
4,0.031043
4,0.022141
4,15.3753
4,0.015339
4,12.3702
4,0.012094
4,39.2873
4,0.017854
4,0.013686
4,17.5335
4,0.033919
4,0.010395
4,15.9667
144,0.020391
4,83.9247
4,6.23312
4,4.17453
4,0.040188
4,0.018935
4,0.029115
4,0.023919
144,12.0759
4,26.2098
4,21.8565
4,0.133929
144,5.0042
4,0.072475
4,0.843595
4,15.2654
4,32.8952
4,0.023601
4,13.1038
4,15.471
144,0.032252
4,0.764151
4,2.89624
4,14.9747
4,0.029786
4,17.61
4,5.23109
4,1.7601
4,2.60334
4,0.012181
4,15.9658
144,24.4119
4,11.9688
4,36.2473
4,0.021129
4,0.14206
4,6.49553
4,0.034088
4,0.016127
4,11.978
144,40.1502
144,6.59629
4,0.104732
4,6.89902
0,0.273013
4,0.014382
4,5.29442
4,0.094682
4,0.077282
4,0.534665
4,0.014307
4,0.45046
4,11.8327
4,11.4073
4,0.021075
4,7.78127
4,13.4357
4,1.15018
4,1.99778
4,0.021133
4,68.0706
4,0.020206
4,0.020098
4,0.023577
4,55.7621
4,0.603935
4,41.2129
4,10.4668
4,8.58099
4,0.069517
4,91.8798
4,51.1835
4,35.9425
4,0.017623
4,28.5942
4,0.045846
4,0.017297
4,0.017058
4,12.9964
4,11.953
4,20.5156
144,26.7393
4,0.026458
4,0.102836
4,0.012517
4,0.049467
4,45.5277
4,79.8849
4,18.7044
4,0.024231
4,0.020004
4,0.019216
4,0.026052
4,76.6976
4,0.062831
4,0.010323
4,0.016474
4,0.046587
4,39.652
4,12.2859
4,8.77764
4,32.0962
4,0.019736
4,8.11866
4,0.033248
4,0.090984
4,0.230962
4,0.205259
4,0.010594
4,46.6069
4,0.013331
4,9.21568
4,0.017043
4,0.03534
4,0.032485
4,4.73008
4,13.7299
4,20.8642
4,0.585204
144,34.6517
4,0.165019
4,0.017493
4,0.016942
4,0.032402
4,0.050129
4,0.01053
4,0.23927
4,0.058734
4,0.019024
4,26.7077
4,0.01716
4,0.051511
4,0.018009
4,0.019843
4,6.41735
4,0.013853
4,0.018047
4,0.016612
4,12.7772
4,0.016741
4,0.019914
4,0.017565
4,22.2971
4,0.016642
4,58.514
4,29.439
4,22.9558
4,14.9893
4,15.9448
4,111.001
4,0.02564
4,0.020398
4,0.019556
4,0.010088
4,0.017726
4,0.018767
4,0.018481
4,0.019699
4,14.0466
4,0.035995
4,91.1957
4,111.27
4,0.032233
4,151.961
4,0.04159
4,179.843
4,0.066894
4,11.949
4,7.64177
4,0.54571
4,21.9786
4,27.2974
4,0.059724
4,0.052226
4,24.3597
4,0.022437
4,0.021891
4,2.64619
4,0.029076
4,0.020404
4,0.015957
4,0.018864
4,0.020011
4,15.9415
144,0.034334
4,36.5328
4,0.016216
4,0.042166
4,95.7317
4,43.8963
4,49.3801
4,0.021688
4,35.8684
4,0.011193
4,0.213984
4,0.110803
4,0.009593
4,0.018533
4,0.01005
4,0.415052
4,12.6575
4,3.48997
144,0.062006
4,51.725
4,0.030423
4,0.02052
4,0.039578
4,0.01609
4,0.010114
4,0.040457
0,16.1676
4,0.025491
4,0.017407
4,60.4193
4,10.6087
4,32.1779
4,19.8837
4,0.806097
4,35.1466
4,3.41579
4,0.011115
4,0.040134
4,16.544
4,30.1927
4,0.028378
4,8.7694
4,13.4734
4,7.05078
4,59.8242
4,11.9769
4,0.019695
144,0.059247
4,0.036362
4,25.9615
4,0.016603
4,0.019266
4,24.0567
4,0.02356
4,0.01506
4,0.020101
4,0.017884
4,0.018739
4,0.019647
4,0.011131
4,0.009692
4,0.01668
4,0.01888
4,0.01976
4,8.36365
4,0.017468
4,11.3069
4,91.7804
4,35.5708
4,130.226
4,111.954
4,87.5465
4,67.6561
4,31.0547
4,31.7258
144,0.289923
4,41.2992
4,0.012645
4,16.6339
4,0.018151
4,0.012698
4,0.011386
4,0.019571
0,8.05416
4,31.7332
4,8.38628
4,2.90266
4,3.39281
4,0.008869
4,0.019158
4,13.8506
4,29.8977
4,0.029604
4,20.6926
4,1.51019
144,0.67201
4,18.4414
4,62.8395
4,0.016479
4,0.016917
4,0.019479
4,0.018631
4,0.018302
4,60.6847
4,53.0843
4,38.4573
4,22.2073
4,94.283
4,42.5215
4,0.014297
4,20.3123
4,3.44536
4,0.166644
0,11.8266
144,10.963
4,0.066308
4,24.6922
4,0.020487
4,0.046807
4,0.027822
4,0.182686
4,0.043073
4,11.9699
4,11.9102
4,1.12619
4,15.9358
4,0.018379
4,0.022097
4,0.018688
4,71.5337
4,43.8883
4,0.021288
4,86.0069
4,0.017587
4,12.7387
4,0.010258
144,0.107763
4,0.137678
144,22.4644
4,81.874
4,4.41992
4,0.01113
4,35.9121
4,7.60903
4,0.02364
4,14.959
4,23.9434
4,87.6991
4,33.2695
4,0.018567
4,32.4946
4,0.01929
4,0.035303
4,31.8785
4,52.4877
4,0.019056
4,0.045113
144,15.9558
4,11.5864
4,0.022874
4,0.022002
4,14.2091
4,0.010867
4,43.9437
4,0.029822
4,35.9204
4,71.3588
4,55.3384
4,7.69631
4,49.9289
4,69.7951
4,26.613
4,56.0065
4,2.93091
4,39.8969
4,19.261
4,0.018345
4,27.1272
4,0.052126
4,57.9341
4,62.1306
4,82.8436
4,14.3903
4,0.009512
4,24.6538
4,0.015034
4,19.4466
144,0.052678
4,0.049426
4,0.011227
4,0.050479
4,0.034393
4,6.89096
4,0.110934
4,0.019519
4,0.019303
4,133.648
4,0.011102
4,0.01823
4,0.241554
4,54.51
4,1.67647
4,0.020643
4,0.017234
4,0.011894
4,124.748
4,0.016426
4,0.017846
4,11.6633
4,0.017867
4,14.8427
4,18.0566
4,2.42582
4,0.010985
4,0.019338
4,111.855
4,75.3281
4,0.038542
4,0.069234
4,50.9204
4,0.008767
4,0.018102
4,0.024258
4,168.181
4,60.7415
4,133.214
4,37.0037
4,67.6697
144,0.028222
4,0.044036
4,0.027182
4,0.008681
4,0.019592
4,0.024823
4,102.549
4,31.6722
4,0.017567
4,0.699785
4,0.01218
4,0.118421
4,0.041972
4,2.9258
4,0.007833
4,0.025947
4,0.008432
4,11.5657
4,0.009358
4,21.0514
4,0.213337
4,0.011344
4,0.560466
4,28.0125
4,0.019072
4,0.079674
4,38.8758
4,89.7363
4,0.019135
4,0.017037
4,0.015742
4,0.181819
4,0.01671
4,0.021489
4,0.011675
4,0.01811
4,94.5859
4,70.7092
4,22.8735
4,5.99141
4,0.016957
4,0.032241
4,0.026053
4,28.2664
4,39.0557
4,19.7685
4,27.6538
4,0.021243
4,0.018913
144,0.10171
144,16.0104
4,0.028118
4,16.6673
4,32.683
4,1.53497
4,2.96889
4,68.7151
4,0.019346
4,0.017763
4,0.008972
4,16.0736
4,3.00446
4,22.5044
4,0.036571
4,0.019223
4,0.017804
4,0.01477
144,17.6419
144,0.080821
4,67.1353
4,8.97211
4,0.025055
4,0.016091
4,60.8597
4,0.075409
4,0.017676
4,0.02396
4,0.016179
4,16.8212
4,5.02535
4,1.37618
4,0.096142
4,57.5297
4,73.7304
4,41.437
4,3.68294
4,0.024256
4,0.017464
4,0.016538
4,0.012245
4,13.9487
4,21.9361
144,0.057808
4,0.037569
4,7.10392
4,7.09096
4,3.8162
4,74.9196
4,19.7221
4,48.9557
4,0.028317
144,0.093935
4,0.010745
4,4.93813
4,0.023112
4,0.018319
4,0.017054
4,31.9118
4,71.5277
4,27.0758
4,55.6914
4,8.0797
4,0.01776
4,0.01594
4,0.01806
4,12.8463
4,15.8315
4,59.9662
4,18.4227
4,3.94929
4,0.019666
4,0.015956
4,15.4731
4,0.014967
144,0.035172
4,0.067423
4,16.7865
4,0.029869
4,0.027466
4,0.014418
4,0.017433
4,0.142655
4,7.5101
4,0.016124
4,0.075582
4,0.036625
144,28.5699
4,5.75782
4,5.69633
144,0.027144
4,0.02337
4,11.5402
4,0.013611
4,0.051858
4,0.018054
4,15.8286
4,0.049702
4,0.016217
4,0.016282
4,0.016655
4,0.016623
4,46.852
4,63.2283
4,0.017761
4,0.037522
4,0.19495
4,29.2633
4,0.024654
4,22.559
4,107.979
4,0.020393
4,0.020608
4,15.8424
144,16.1351
4,17.0328
4,21.7841
144,0.022785
4,0.035957
4,0.035173
4,0.317506
4,0.036729
4,0.028961
4,0.022419
4,0.026963
144,0.026513
4,0.045038
4,0.332795
4,0.01476
4,0.018737
4,3.04373
4,0.018063
4,16.0134
4,0.017501
4,0.014362
4,46.2192
4,35.849
4,0.038307
4,6.79256
4,2.88746
4,3.94139
4,8.26704
4,73.5687
4,0.018109
4,0.010369
4,0.017652
4,27.7799
4,11.9394
4,6.50317
4,13.0964
4,55.6607
4,0.026092
4,39.6285
144,33.0553
4,19.8877
4,0.018478
4,0.018278
4,0.179402
4,0.02814
4,28.4469
4,20.5387
4,3.58632
4,16.1143
144,0.041379
4,0.01306
4,18.5553
4,19.4254
4,4.72775
4,69.5259
4,42.6471
4,91.966
4,0.010579
4,0.015963
4,0.112016
4,0.029208
4,0.01158
4,0.009778
144,0.024748
4,0.017912
4,0.065828
4,15.8466
144,16.4042
4,30.6662
4,6.58107
4,21.041
4,22.1232
4,1.21003
4,1.23955
4,0.128316
4,52.3809
4,0.016536
4,37.523
4,67.9703
4,3.73456
4,0.016587
4,0.017289
4,0.016394
4,0.017775
4,0.017335
4,0.017096
4,0.017377
4,0.029396
4,0.019557
4,0.040985
4,60.6669
144,0.148311
4,45.2765
4,0.024674
4,0.017364
4,0.022656
4,0.025687
4,1.6107
4,0.044454
4,0.01824
4,0.071326
4,0.016456
4,0.410101
4,0.042114
4,0.060145
4,0.016554
144,0.407435
4,0.016673
4,0.016145
4,0.019365
4,0.02809
4,0.017449
4,19.865
4,0.011598
4,0.01924
4,0.071159
4,18.3705
4,0.010358
4,0.018077
4,0.016908
4,0.032956
4,0.018528
4,27.3194
4,0.735877
4,0.018772
4,0.015705
4,0.017307
4,0.042231
4,23.7109
4,47.1015
4,0.025487
4,105.695
4,15.2863
4,15.2877
4,19.5965
4,43.7324
4,1.31566
4,0.009242
4,1.32353
4,0.011129
4,0.017578
4,0.017947
4,0.017684
4,0.024976
4,0.087353
4,0.012224
4,0.106786
4,0.017011
4,0.065428
4,0.01776
144,15.8505
4,0.01601
4,0.692824
4,25.7082
4,0.023761
4,44.5177
4,0.081007
4,12.3975
4,0.015042
4,0.04529
4,0.01781
4,0.325916
4,29.3246
4,2.07183
4,0.017872
4,17.841
4,0.017318
4,16.1974
4,0.068276
4,16.2072
4,0.016743
4,0.041416
4,0.016673
4,0.071282
4,0.017039
4,17.2687
4,0.016905
144,0.08853
4,46.2286
4,82.2748
4,0.016647
4,0.061395
4,0.017672
4,16.0387
4,0.022429
4,44.6709
4,0.017064
4,28.1328
4,22.4574
4,26.6686
4,32.1259
4,26.9276
4,0.028735
4,1.287
4,0.959938
4,1.01429
4,22.186
4,11.9031
4,11.9247
4,11.9177
4,0.018075
4,0.01776
4,76.9201
4,55.4356
4,47.4462
4,0.012552
4,0.009523
4,0.017761
4,0.016466
4,23.9028
4,0.027124
4,19.3203
4,0.080765
4,0.027742
4,15.6186
4,0.021354
4,0.382139
4,0.037354
4,35.5266
4,19.6659
4,0.085704
4,11.965
4,0.013073
4,0.012486
4,0.011551
4,0.012161
4,0.025818
144,0.026318
4,0.013233
4,0.024373
4,27.685
4,22.2571
4,6.38979
4,1.41723
4,134.557
4,27.998
4,0.032497
4,11.9766
4,12.3763
4,23.9824
0,40.1159
4,15.9394
4,5.9902
4,0.017053
4,6.04303
4,0.274538
4,0.680333
4,0.009946
4,0.046416
4,0.071184
4,0.254453
4,0.018531
4,85.8893
4,39.6998
4,27.7205
144,19.8898
4,0.012294
0,19.8648
4,0.014733
4,26.872
4,0.031114
4,14.5412
4,0.01995
4,13.1914
4,0.010993
4,0.019207
144,0.018559
4,14.8642
4,0.017454
4,0.012658
4,12.6663
4,0.050085
4,0.086596
4,0.142287
4,0.20089
4,0.010783
4,0.056791
4,0.497418
4,31.857
4,10.6778
4,0.012185
4,22.6678
4,11.6445
4,0.05838
4,0.023124
4,44.0059
4,0.110021
4,0.023059
4,0.103803
4,0.007715
4,0.019305
4,42.1015
4,0.175751
4,0.230022
4,12.0263
4,17.9594
4,0.024149
4,3.47809
4,30.9297
4,0.024014
4,0.017556
4,7.69868
4,47.6031
4,0.015993
4,0.159672
4,0.010173
4,0.011005
4,0.030991
4,0.062606
4,1.7389
4,0.005206
4,35.5291
4,55.7744
4,0.022202
4,35.605
4,11.2801
4,0.027366
4,117.555
4,12.9683
4,0.052955
4,0.057244
144,0.031018
4,0.195174
4,11.6969
4,24.8311
4,3.16485
4,39.8155
4,25.7415
4,0.164836
4,2.24863
4,5.09389
4,0.372114
4,2.01746
4,2.20438
4,23.8929
4,3.95847
4,54.7028
4,30.5061
4,0.02726
4,25.8899
4,11.9221
4,51.606
4,11.9313
144,84.338
4,2.99416
4,16.8584
4,16.8794
4,0.509897
4,0.022534
144,0.876637
4,119.91
4,0.212397
4,0.028182
4,11.8574
4,11.9107
4,2.33023
4,0.028341
4,0.05564
144,0.073497
0,1.24051
4,0.196512
4,0.019638
4,9.6359
4,16.5747
4,36.4142
4,0.098248
4,28.7089
4,0.018322
144,0.060643
4,0.011484
4,0.050572
4,0.114123
144,0.019811
4,16.3263
4,19.6854
4,11.9594
4,0.024553
144,12.4047
4,0.052109
4,0.835142
4,2.66049
4,3.76917
4,47.8969
4,0.021015
4,0.081759
4,0.020797
4,15.9328
4,0.018339
4,0.018802
4,26.3778
4,0.010123
144,0.97216
4,12.1269
4,0.017794
4,0.02047
4,0.014785
4,12.425
4,64.2518
144,0.019492
4,12.8447
4,14.9118
4,0.090289
4,4.77197
4,99.0961
4,12.6608
4,0.010775
4,0.017783
4,0.125479
4,0.019465
4,40.4487
4,223.76
4,139.865
4,155.927
4,0.030298
4,0.0155
4,115.549
4,55.3075
4,51.895
144,5.43874
4,5.24704
144,2.01997
4,0.015727
4,45.6735
4,33.9475
4,90.1579
4,0.0136
4,28.9768
4,27.9158
4,0.018743
4,15.9835
4,0.049036
4,1.42728
144,0.020572
4,44.6015
4,0.022612
144,0.02134
4,35.7039
144,0.021826
4,0.020593
4,0.019953
4,17.0572
4,35.6914
4,51.7033
4,68.0358
4,0.023069
4,0.018316
4,0.011109
4,0.01634
4,0.016596
4,0.017494
4,0.017164
4,0.017795
4,0.017119
4,0.021737
4,19.4108
4,129.717
4,0.105825
4,0.094344
4,0.084314
4,0.010283
4,36.9051
4,0.013159
4,0.141298
4,0.018088
4,0.016334
4,15.7295
0,15.9116
144,23.8761
4,0.010314
4,10.0363
4,8.15616
0,16.9238
4,53.1339
4,16.9188
4,27.4822
4,28.1969
4,0.018465
0,0.20362
4,0.331293
4,5.29749
4,0.032079
4,0.097472
4,17.4743
4,0.013459
4,0.019737
4,0.019343
144,6.21595
4,0.02017
4,0.012434
4,0.022021
4,20.5545
4,6.50254
144,6.25507
144,2.81476
4,0.019962
4,17.3021
4,0.034843
4,32.2806
4,0.024539
4,6.50751
4,12.6304
4,0.077835
4,47.5889
4,0.02543
4,0.238824
4,34.9725
4,0.010917
4,51.8728
4,0.204992
4,19.0441
4,0.861488
144,0.02094
144,11.7545
4,0.016684
4,22.398
4,5.30353
144,43.9729
4,12.4666
4,32.7282
144,50.4959
4,33.441
4,5.88203
4,0.43061
144,0.02219
144,18.605
4,102.563
4,21.9898
144,0.022205
144,0.02042
4,20.1169
4,1.53883
144,0.020098
4,0.055792
144,0.018443
144,0.034232
4,0.20031
4,18.6992
144,0.020727
4,0.008979
144,0.019748
144,0.019438
4,0.015481
144,0.019835
144,0.014276
4,0.019332
4,3.98445
4,0.01098
144,0.016126
4,5.91774
4,0.009181
144,0.018682
144,0.023917
144,0.057095
4,0.059875
144,0.015045
144,0.019807
4,30.8526
4,0.147628
144,0.013132
4,0.163409
144,0.013394
4,0.015673
144,0.017241
4,0.02361
144,0.024814
4,14.7218
4,0.01285
144,0.019076
144,0.014103
144,0.023111
4,26.1721
4,0.1457
144,0.014067
4,68.9179
4,0.019319
144,0.017208
4,48.0701
144,0.017901
4,0.082806
144,0.015027
4,0.011811
144,0.013269
4,0.012347
144,0.013232
144,0.025731
4,0.241056
144,0.014236
4,31.9698
4,40.3551
144,0.018311
144,0.019182
4,0.020989
4,20.0532
4,0.022251
144,0.018277
144,0.01438
144,0.013259
4,3.93442
144,0.019959
144,0.013444
4,17.5168
4,0.140937
4,33.4228
144,0.019626
144,0.018758
4,12.5137
4,38.9911
144,0.023611
144,0.019249
4,0.017678
4,0.078214
144,0.018177
4,0.014314
144,0.013871
144,0.022685
144,0.01874
4,0.143933
4,0.773878
144,0.024768
4,0.013579
144,0.014738
4,0.048076
144,0.013465
4,43.9839
4,0.163484
0,0.016798
4,0.064405
0,0.012186
4,0.02019
0,0.01197
4,0.030213
4,0.011509
4,0.024784
4,0.010094
4,0.018655
4,19.0944
4,9.346
4,4.92393
4,0.020011
4,0.020413
4,0.045537
144,0.016983
144,0.013921
4,18.2144
4,0.02605
4,20.261
4,0.031898
144,0.018493
144,0.023458
144,0.024193
4,0.136202
4,0.036412
4,0.012123
4,0.064352
4,0.010092
4,6.41271
4,67.8709
4,0.013336
4,0.029813
4,28.0968
4,0.102705
4,0.013193
4,21.7071
144,0.030631
144,0.018486
4,0.161196
4,0.788054
4,0.012791
144,0.016225
4,5.19631
4,6.26601
4,13.5586
144,0.01888
4,31.9318
144,0.02113
0,0.023827
0,0.014122
4,0.01761
0,0.03424
4,0.036649
4,0.03129
4,0.285315
4,0.008866
4,0.21137
4,0.218654
4,0.089107
4,15.12
4,0.065063
4,0.026094
4,0.221293
4,0.125536
4,0.218928
4,0.281388
4,0.396881
4,1.33288
4,6.9868
4,0.076453
4,0.031604
4,0.899731
4,0.078201
144,0.014926
4,0.026932
4,0.03366
4,32.6213
4,19.7543
4,0.016419
144,0.023727
4,40.0119
144,0.017878
4,0.02889
4,0.016015
4,0.056601
4,31.2585
4,0.013095
4,0.022461
4,0.015888
4,2.41569
4,0.013152
4,34.0689
4,18.2014
4,1.52471
4,11.4331
4,0.015031
144,0.018261
144,0.014093
4,9.86168
4,0.020142
4,0.031087
4,0.040875
4,0.130201
144,0.015009
144,0.013509
4,7.97893
4,39.7244
4,0.131456
4,2.77467
4,0.019603
144,0.024075
144,0.024036
144,0.014556
4,0.073953
144,0.013088
4,0.064316
4,16.436
144,0.017353
4,0.011908
4,0.238419
144,0.018944
0,0.012848
4,0.05365
4,0.016807
0,0.024172
4,19.6568
4,39.2274
0,0.020398
144,0.01438
4,211.977
4,0.142167
144,0.023242
4,5.42122
4,43.7707
144,0.014432
4,0.011126
144,0.02521
4,0.04164
4,0.0133
4,0.009594
4,9.23807
4,0.01091
4,0.014741
4,0.022056
4,0.024703
4,6.53653
4,6.54812
4,0.015408
144,0.01916
4,14.1298
4,39.0233
4,6.42895
4,0.027329
4,0.010414
4,0.138435
4,16.0554
4,0.070975
4,0.031654
4,0.018859
144,0.018921
4,0.055023
144,0.015238
4,2.69315
144,0.013005
4,13.3791
4,22.2602
144,0.01988
4,0.213503
4,43.9152
4,19.4571
4,0.009752
4,1.58328
144,0.014893
4,19.6973
4,0.085473
4,24.0926
4,0.724356
144,0.012928
4,0.0122
4,0.020149
144,0.019752
4,99.9675
4,83.1308
4,0.013876
4,22.4434
144,0.019123
4,0.011331
144,0.017921
4,0.143281
144,0.020829
4,0.131526
144,0.017839
144,0.014304
4,0.039591
4,0.010302
4,0.076881
144,0.018575
144,0.013925
4,0.017678
144,0.014703
144,0.01403
4,20.9066
4,10.4448
144,0.01536
144,0.018678
4,2.02291
4,0.015834
144,0.022558
4,0.022226
144,0.017332
4,48.9232
144,0.024354
144,0.023961
144,0.01367
4,0.022958
4,0.010578
4,0.33899
4,0.017221
144,0.025088
144,0.015224
4,0.016052
144,0.018087
4,5.95164
4,0.065988
144,0.023627
144,0.018355
4,0.020391
144,0.019107
4,0.643348
144,0.014411
144,0.019053
4,0.061961
4,0.014657
144,0.019099
4,0.066601
144,0.014152
4,0.142131
144,0.013621
144,0.019355
4,0.01543
4,0.046925
4,0.180984
144,0.013087
144,0.013599
4,4.57264
144,0.02396
4,0.017072
144,0.01925
4,0.022785
144,0.013271
4,0.02212
144,0.013192
144,0.028501
4,0.013209
144,0.018805
4,39.3793
4,0.018196
4,0.011364
144,0.017172
144,0.013314
144,0.0127
4,0.916588
144,0.012781
4,15.5536
4,99.9742
144,0.019333
4,0.018858
144,0.014439
144,0.013811
4,17.9289
4,0.021782
4,0.037315
144,0.013902
144,0.022852
144,0.018934
4,0.01307
4,0.01114
144,0.014453
0,0.016516
144,0.01924
4,27.9665
4,0.02492
4,0.022013
4,0.065196
4,29.5886
4,43.3272
4,0.011476
0,0.024605
4,0.020569
0,0.022818
4,67.8479
4,87.9839
4,0.019509
4,0.019394
4,0.018871
4,67.9401
4,31.716
4,91.4018
144,0.025941
144,0.019464
4,0.019224
4,0.030173
4,0.021103
4,0.027088
4,12.835
4,25.1438
4,73.3776
144,0.023674
4,1.42848
4,0.020857
4,0.017345
4,56.9369
4,0.021103
4,56.4921
4,53.2569
4,39.3097
4,0.00906
4,0.019092
4,0.017468
144,0.019378
144,0.014504
4,0.009811
4,73.3097
4,166.601
4,43.7914
4,8.00826
4,123.496
4,0.011069
4,5.20677
4,115.687
144,0.023096
144,0.019288
4,68.2178
4,0.131923
4,0.011946
4,0.011692
144,0.018824
144,0.013933
144,0.013399
4,0.115048
144,0.023842
4,47.9139
144,0.018385
144,0.018202
4,135.974
4,92.8089
144,0.017343
144,0.013492
4,0.034738
4,26.8031
144,0.025656
4,15.9248
144,0.018333
4,76.0266
144,0.01862
4,0.041538
4,0.023652
144,0.022776
144,0.01819
144,0.019129
4,0.186399
4,23.4929
144,0.022549
4,56.641
144,0.023733
4,18.1132
144,0.015281
144,0.02059
4,3.72317
4,43.6169
144,0.019478
4,63.9857
144,0.020126
4,45.5403
144,0.020116
4,1.97226
144,0.014568
4,45.2438
144,0.023758
4,16.6879
144,0.018324
4,36.0122
144,0.018653
144,0.018977
4,43.9032
4,47.8997
144,0.019592
144,0.019309
4,40.0674
4,87.9543
4,0.017834
4,0.016813
144,0.019508
144,0.013661
144,0.038713
0,0.017921
4,0.013144
4,0.011168
4,5.78556
0,0.012337
4,0.017204
4,0.011716
4,0.160713
4,10.2237
4,0.019193
4,0.011222
4,0.016738
0,0.022273
144,0.01461
4,0.016902
4,0.036109
4,0.028791
4,10.9759
4,26.9604
4,0.018127
4,0.014676
4,0.009615
4,0.018041
4,0.017658
4,0.033567
144,0.019447
144,0.014356
4,0.021249
4,11.9417
4,0.076425
4,0.185511
4,0.133063
4,0.016951
4,74.5537
4,58.2931
4,42.2875
4,0.017108
144,0.020099
144,0.013798
4,0.033602
4,55.5042
4,39.5537
4,169.341
4,72.853
4,28.5077
144,0.019734
4,0.010114
4,0.02106
4,0.017379
4,0.009899
4,0.01836
0,0.01363
0,0.011894
4,0.018514
4,0.018129
4,0.018161
4,0.019063
4,0.026233
4,0.018881
4,0.023442
4,0.01742
4,0.018132
0,0.020498
144,0.013698
4,0.018336
4,0.016569
4,20.3455
4,31.9983
4,11.0103
4,7.82871
4,216.686
4,162.057
4,261.973
144,0.023963
144,0.061509
4,0.016377
4,0.012087
4,0.01782
4,0.018589
4,0.01595
4,0.018993
4,29.5285
4,0.019049
4,0.017988
4,0.017372
4,0.042074
4,19.5489
4,95.8798
4,67.324
4,51.5297
4,35.4518
4,0.018608
4,0.023012
4,116.225
4,17.85
4,0.011213
4,51.2731
144,0.019238
4,44.0278
144,0.017751
4,55.7218
144,0.019711
144,0.019126
4,135.95
4,18.4436
144,0.01938
144,0.02294
4,40.5232
144,0.018463
4,0.012883
4,103.382
144,0.015355
0,0.017115
4,0.015144
4,19.3957
4,0.124146
4,0.011611
0,0.023586
4,0.0198
4,35.6053
4,55.2906
4,0.010768
4,0.025325
0,0.021429
144,0.018707
4,74.9329
4,59.9157
4,43.9458
4,0.019658
4,12.6473
4,0.117207
144,0.020498
4,0.014825
144,0.013625
4,0.029124
4,12.2416
4,31.5288
4,71.8231
4,130.997
4,51.844
4,0.011394
4,103.702
4,71.7054
4,0.045577
4,0.027085
4,0.018497
144,0.018597
144,0.014779
4,0.138648
4,0.147989
4,15.3081
4,0.009624
4,0.144555
4,0.018424
4,0.017189
4,0.042234
4,0.023701
4,0.428625
4,0.048715
4,0.018515
4,43.4711
4,26.5734
144,0.023963
144,0.014161
4,0.212985
4,0.019634
144,0.023912
144,0.01711
4,0.010482
4,50.4171
144,0.018014
144,0.024945
4,87.9801
4,187.77
144,0.019498
144,0.017862
4,41.0301
4,47.9175
144,0.022834
144,0.024333
4,0.018111
4,47.9059
144,0.024251
4,0.21192
4,0.011712
144,0.019449
144,0.018812
144,0.018427
4,39.9563
4,135.998
144,0.019955
144,0.022552
4,36.0366
4,36.187
144,0.023505
144,0.026875
4,17.1329
144,0.021958
4,133.596
4,51.9513
144,0.019254
4,115.982
144,0.018733
4,3.06727
144,0.014025
4,0.01121
144,0.013586
4,0.011635
144,0.015554
4,45.2036
144,0.020147
144,0.014351
4,21.3305
4,12.0666
144,0.019344
144,0.013757
4,31.6013
4,27.883
144,0.020876
144,0.01811
4,28.0583
4,12.439
144,0.017287
4,41.2589
